2000001 991 2 51.307 10.932 0.040
2000001 992 2 51.705 11.016 0.040
2000001 993 2 52.103 11.072 0.040
2000001 994 2 52.500 11.145 0.040
2000001 995 2 52.900 11.229 0.040
2000001 996 2 53.299 11.288 0.040
2000001 997 2 53.700 11.369 0.040
2000001 998 2 54.100 11.446 0.040
2000001 999 2 54.499 11.509 0.040
2000001 1000 2 54.899 11.572 0.040
2000001 1001 2 55.299 11.642 0.040
2000001 1002 2 55.699 11.709 0.040
2000001 1003 2 56.099 11.772 0.040
2000001 1004 2 56.499 11.849 0.040
2000001 1005 2 56.899 11.923 0.040
2000001 1006 2 57.299 11.962 0.040
2000001 1007 2 57.699 12.049 0.040
2000001 1008 2 58.100 12.113 0.040
2000001 1009 2 58.500 12.211 0.040
2000001 1010 2 58.900 12.260 0.040
2000001 1011 2 59.300 12.316 0.040
2000001 1012 2 59.700 12.383 0.040
2000001 1013 2 60.100 12.456 0.040
2000001 1014 2 60.499 12.523 0.040
2000001 1015 2 60.899 12.583 0.040
2000001 1016 2 61.299 12.632 0.040
