1051250 1110 2 86.0 16.92489486336824 0.1
1049750 1110 2 87.5 17.105791248423564 0.1
1050250 1110 2 87.0 16.980995746123426 0.1
1049000 1110 2 88.25 17.24000506374952 0.1
1048250 1110 2 89.0 17.346577433097607 0.1
1053500 1110 2 83.75 16.683495185594612 0.1
1053250 1110 2 84.0 16.715948036935323 0.1
1056750 1110 2 80.5 16.114187072950074 0.1
1061250 1110 2 76.0 15.419469964905815 0.1
1047500 1110 2 89.75 17.448542894782715 0.1
1041000 1110 2 96.25 18.457536210545907 0.1
1040250 1110 2 97.0 18.60596430378678 0.1
1036000 1110 2 101.25 19.203014194225958 0.1
1029500 1110 2 107.75 20.216063247836665 0.1
