1051250 1115 2 88.0 17.28122139245733 0.1
1050250 1115 2 89.0 17.420663318361875 0.1
1049750 1115 2 89.5 17.47677191093308 0.1
1049000 1115 2 90.25 17.55639734299621 0.1
1048250 1115 2 91.0 17.64509768864671 0.1
1048000 1115 2 91.25 17.68676435531338 0.1
1047500 1115 2 91.75 17.715648207122467 0.1
1056750 1115 2 82.5 16.473453688839157 0.1
1059500 1115 2 79.75 16.08771966420482 0.1
1061250 1115 2 78.0 15.759753343188654 0.1
1060000 1115 2 79.25 16.03161107163361 0.1
1041000 1115 2 98.25 18.7989815404558 0.1
1032500 1115 2 106.75 19.952475713088607 0.1
1034000 1115 2 105.25 19.874899071248723 0.1
1034250 1115 2 105.0 19.878606972518927 0.1
1057500 1115 2 81.75 16.484577392649772 0.1
1042750 1115 2 96.5 18.332771437760204 0.1
1044250 1115 2 95.0 18.130108841252444 0.1
