1041000 1090 2 88.25 17.136799702257424 0.1
1036000 1090 2 93.25 17.890125634167372 0.1
1032500 1090 2 96.75 18.45345711714486 0.1
1032250 1090 2 97.0 18.510125171578416 0.1
1031500 1090 2 97.75 18.675128872290102 0.1
1031000 1090 2 98.25 18.75846220562344 0.1
1030750 1090 2 98.5 18.805129334879062 0.1
1029500 1090 2 99.75 19.033464518568245 0.1
1035000 1090 2 94.25 18.1267987770795 0.1
1058000 1090 2 71.25 14.838875409234902 0.1
1057250 1090 2 72.0 14.843447601884082 0.1
1056750 1090 2 72.5 14.866567031542004 0.1
1052750 1090 2 76.5 15.622684353621477 0.1
1052500 1090 2 76.75 15.65166466149763 0.1
1051750 1090 2 77.5 15.675173791173524 0.1
1051250 1090 2 78.0 15.71410486874006 0.1
1050250 1090 2 79.0 15.8553988178257 0.1
1049750 1090 2 79.5 15.92604579236852 0.1
1049500 1090 2 79.75 15.897937485687363 0.1
1049000 1090 2 80.25 16.01298671599698 0.1
1048250 1090 2 81.0 16.087241280834927 0.1
1048000 1090 2 81.25 16.15428066508262 0.1
1047500 1090 2 81.75 16.17418220446339 0.1
1047250 1090 2 82.0 16.234878409315822 0.1
1046250 1090 2 83.0 16.338113282029923 0.1
1045500 1090 2 83.75 16.463113282029923 0.1
1045250 1090 2 84.0 16.511123128091846 0.1
1044750 1090 2 84.5 16.54371102626313 0.1
1043500 1090 2 85.75 16.764730718386975 0.1
1043000 1090 2 86.25 16.892466307487105 0.1
1042750 1090 2 86.5 16.87704435959646 0.1
1038250 1090 2 91.0 17.67144661536326 0.1
1034000 1090 2 95.25 18.335039004190552 0.1
1034500 1090 2 94.75 18.2599471740131 0.1
1059500 1090 2 69.75 14.631467119423096 0.1
1059750 1090 2 69.5 14.58262386292968 0.1
1061750 1090 2 67.5 14.299526658383597 0.1
1061500 1090 2 67.75 14.312486965743261 0.1
1061250 1090 2 68.0 14.318270683276179 0.1
1057000 1090 2 72.25 14.861542450594255 0.1
1059250 1090 2 70.0 14.64442742678276 0.1
1059000 1090 2 70.25 14.664564323969177 0.1
1058750 1090 2 70.5 14.702642695722469 0.1
