1011750 1006 2 84.0 15.474 0.1
1061500 1006 2 34.25 6.747979209649239 0.1
1061000 1006 2 34.75 6.858398382006114 0.1
1060750 1006 2 35.0 6.956320252798597 0.1
1060500 1006 2 35.25 6.893810615528567 0.1
1060250 1006 2 35.5 7.043820638289398 0.1
1059750 1006 2 36.0 7.135488075937667 0.1
1059500 1006 2 36.25 7.18548884691927 0.1
1059250 1006 2 36.5 7.225071987507202 0.1
1059000 1006 2 36.75 7.339662066929557 0.1
1057000 1006 2 38.75 7.695914187128963 0.1
1056250 1006 2 39.5 7.818830661050229 0.1
1056000 1006 2 39.75 7.889666692819171 0.1
1055000 1006 2 40.75 8.043832203013434 0.1
1052250 1006 2 43.5 8.567209979484275 0.1
1051250 1006 2 44.5 8.79277098330982 0.1
1051000 1006 2 44.75 8.716648975658728 0.1
1050250 1006 2 45.5 8.927536550682094 0.1
1049750 1006 2 46.0 9.003508091870568 0.1
1049500 1006 2 46.25 8.949471460654056 0.1
1049250 1006 2 46.5 8.966598820171189 0.1
1048750 1006 2 47.0 9.03275463849985 0.1
1048000 1006 2 47.75 9.170024292074615 0.1
1047500 1006 2 48.25 9.326975546856549 0.1
1047000 1006 2 48.75 9.444663910199228 0.1
1046750 1006 2 49.0 9.461791269716361 0.1
1046250 1006 2 49.5 9.518131365185209 0.1
1045750 1006 2 50.0 9.613734352093308 0.1
1045500 1006 2 50.25 9.689756048769322 0.1
1045250 1006 2 50.5 9.650443001842529 0.1
1044500 1006 2 51.25 9.795074447562154 0.1
1045000 1006 2 50.75 9.706833252798916 0.1
1041000 1006 2 54.75 10.537249076262224 0.1
1038250 1006 2 57.5 10.970371744042877 0.1
1037750 1006 2 58.0 11.070512187744663 0.1
1037250 1006 2 58.5 11.134237225648135 0.1
1036250 1006 2 59.5 11.432559590201022 0.1
1036000 1006 2 59.75 11.387389519964012 0.1
1035000 1006 2 60.75 11.624085813165902 0.1
1034500 1006 2 61.25 11.704617961437826 0.1
1033500 1006 2 62.25 11.876886998227311 0.1
1034250 1006 2 61.5 11.687459741814905 0.1
1032750 1006 2 63.0 11.940260926876313 0.1
1032250 1006 2 63.5 12.01799189008683 0.1
1032000 1006 2 63.75 12.059658556753496 0.1
1031750 1006 2 64.0 12.0817169279903 0.1
1031500 1006 2 64.25 12.053353968121744 0.1
1031000 1006 2 64.75 12.23192759354298 0.1
1030750 1006 2 65.0 12.273594260209649 0.1
1029500 1006 2 66.25 12.493132333788616 0.1
1028750 1006 2 67.0 12.805811732903017 0.1
1028500 1006 2 67.25 12.850279584631092 0.1
1028250 1006 2 67.5 12.875139140929305 0.1
1025500 1006 2 70.25 13.18657599532147 0.1
1024750 1006 2 71.0 13.31676166022854 0.1
1021000 1006 2 74.75 13.949540157589146 0.1
1020500 1006 2 75.25 14.035466323376014 0.1
1020250 1006 2 75.5 14.040833335693184 0.1
1019250 1006 2 76.5 14.261949483884097 0.1
1019000 1006 2 76.75 14.293244820736621 0.1
1018250 1006 2 77.5 14.449358810179048 0.1
1017500 1006 2 78.25 14.576951642632583 0.1
1016500 1006 2 79.25 14.73843264439218 0.1
1016250 1006 2 79.5 14.787877808419452 0.1
1016000 1006 2 79.75 14.806208983004298 0.1
1013250 1006 2 82.5 15.290470640872988 0.1
1014500 1006 2 81.25 15.108065632075009 0.1
1015250 1006 2 80.5 14.993436961889152 0.1
1023750 1006 2 72.0 13.517135148791168 0.1
