1059500 1090 2 69.75 14.443244305840308 0.1
1058750 1090 2 70.5 14.551367744602564 0.1
1058000 1090 2 71.25 14.642614622127073 0.1
1057250 1090 2 72.0 14.71698493841384 0.1
1059250 1090 2 70.0 14.366775043842761 0.1
1060250 1090 2 69.0 14.306993265015144 0.1
1051750 1090 2 77.5 15.65052816631825 0.1
1051250 1090 2 78.0 15.71698493841384 0.1
1050250 1090 2 79.0 15.793643278479198 0.1
1049750 1090 2 79.5 15.826346928099298 0.1
1049500 1090 2 79.75 15.879264635591127 0.1
1049000 1090 2 80.25 15.945721407686717 0.1
1052750 1090 2 76.5 15.556993265015144 0.1
1055250 1090 2 74.0 15.202207322886878 0.1
1061250 1090 2 68.0 13.949058904320704 0.1
1061500 1090 2 67.75 13.946770880542108 0.1
1048250 1090 2 81.0 16.013474232936435 0.1
1047500 1090 2 81.75 16.12347284516955 0.1
1046250 1090 2 83.0 16.346807566269767 0.1
1044750 1090 2 84.5 16.541802477791194 0.1
1041000 1090 2 88.25 17.136799702257424 0.1
1042750 1090 2 86.5 16.845133035590756 0.1
1036000 1090 2 93.25 17.890125634167372 0.1
1032500 1090 2 96.75 18.45345711714486 0.1
1032250 1090 2 97.0 18.510125171578416 0.1
1031500 1090 2 97.75 18.675128872290106 0.1
1031000 1090 2 98.25 18.758462205623438 0.1
1030750 1090 2 98.5 18.805129334879066 0.1
1029500 1090 2 99.75 19.033464518568245 0.1
1035000 1090 2 94.25 18.1267987770795 0.1
1056750 1090 2 72.5 14.607878304921488 0.1
1056500 1090 2 72.75 14.858129082359184 0.1
