1060000 998 2 32.5 6.49 0.1
1048750 998 2 43.75 8.518 0.1
1048000 998 2 44.5 8.666 0.1
1046250 998 2 46.25 8.992 0.1
1032750 998 2 59.75 11.24 0.1
1032000 998 2 60.5 11.446 0.1
1025500 998 2 67.0 12.652 0.1
1019750 998 2 72.75 13.649964499621623 0.1
1020250 998 2 72.25 13.497365499315267 0.1
1019250 998 2 73.25 13.822935754920042 0.1
1029500 998 2 63.0 11.958945082030716 0.1
1030750 998 2 61.75 11.686022440256632 0.1
1031500 998 2 61.0 11.51796290129613 0.1
1031750 998 2 60.75 11.558109358654416 0.1
1034000 998 2 58.5 11.144355773589965 0.1
1034500 998 2 58.0 11.039492670776381 0.1
1036000 998 2 56.5 10.815328394152681 0.1
1061500 998 2 31.0 6.1902651093727155 0.1
1061250 998 2 31.25 6.2319317760393815 0.1
1061000 998 2 31.5 6.256930234076178 0.1
1059750 998 2 32.75 6.5861080799760785 0.1
1059500 998 2 33.0 6.6277747466427455 0.1
1059250 998 2 33.25 6.61526973526233 0.1
1058250 998 2 34.25 6.986121957644922 0.1
1057500 998 2 35.0 7.0944537490150505 0.1
1056750 998 2 35.75 7.1902843839127755 0.1
1056250 998 2 36.25 7.231947195671431 0.1
1056000 998 2 36.5 7.273613862338097 0.1
1055750 998 2 36.75 7.298612320374892 0.1
1052500 998 2 40.0 7.969457603923063 0.1
1051500 998 2 41.0 8.11528900980239 0.1
1051000 998 2 41.5 8.223624656080531 0.1
1050000 998 2 42.5 8.411126583534536 0.1
1049750 998 2 42.75 8.448626198043735 0.1
1049500 998 2 43.0 8.423620030190916 0.1
1049250 998 2 43.25 8.44861848822771 0.1
1047500 998 2 45.0 8.798623885098928 0.1
1046500 998 2 46.0 8.940288238820788 0.1
1046750 998 2 45.75 8.911122728626525 0.1
1045500 998 2 47.0 9.086119644700116 0.1
1044250 998 2 48.25 9.215278987041557 0.1
1042750 998 2 49.75 9.448610778411688 0.1
1040000 998 2 52.5 10.169468397665497 0.1
1045000 998 2 47.5 9.120478250659698 0.1
1040250 998 2 52.25 10.13057567588595 0.1
1041000 998 2 51.5 9.912326308717725 0.1
1037250 998 2 55.25 10.620678379431535 0.1
1037000 998 2 55.5 10.664569287980504 0.1
1052000 998 2 40.5 8.074259273153904 0.1
