1061750 1015 2 37.75 7.397003535129364 0.1
1061500 1015 2 38.0 7.4120010679882355 0.1
1061250 1015 2 38.25 7.4670023015588 0.1
1060250 1015 2 39.25 7.663671743759235 0.1
1060000 1015 2 39.5 7.7720112449453875 0.1
1059500 1015 2 40.0 7.835342727922876 0.1
1059250 1015 2 40.25 7.910345811849284 0.1
1057250 1015 2 42.25 8.347022038687822 0.1
1056500 1015 2 43.0 8.425351054524182 0.1
1048250 1015 2 51.25 9.850355680413795 0.1
1052750 1015 2 46.75 9.107558661570877 0.1
1051750 1015 2 47.75 9.239222090114813 0.1
1051250 1015 2 48.25 9.382560974515684 0.1
1050500 1015 2 49.0 9.520062130988087 0.1
1050000 1015 2 49.5 9.623397314677266 0.1
1049750 1015 2 49.75 9.582556348626069 0.1
1049000 1015 2 50.5 9.700055654742627 0.1
1047750 1015 2 51.75 9.928390838431806 0.1
1047000 1015 2 52.5 10.038389450664923 0.1
1046500 1015 2 53.0 10.119222552703775 0.1
1045750 1015 2 53.75 10.314229028949235 0.1
1041250 1015 2 58.25 11.153073551900304 0.1
1036250 1015 2 63.25 12.043125095154727 0.1
1035000 1015 2 64.5 12.203815132154345 0.1
1032750 1015 2 66.75 12.55159039139222 0.1
1032500 1015 2 67.0 12.63182544080523 0.1
1032000 1015 2 67.5 12.715158774138562 0.1
1031750 1015 2 67.75 12.799931280345257 0.1
1031250 1015 2 68.25 12.822008946963814 0.1
1031000 1015 2 68.5 12.872750527217853 0.1
1029750 1015 2 69.75 13.083352588948031 0.1
1027750 1015 2 71.75 13.278293490073905 0.1
1025000 1015 2 74.5 13.979380761869503 0.1
