1029750 1030 2 75.75 14.89639823141799 0.1
1031000 1030 2 74.5 14.67561004219178 0.1
1032500 1030 2 73.0 14.31974376710233 0.1
1032750 1030 2 72.75 14.197120537131969 0.1
1036250 1030 2 69.25 13.501693500762752 0.1
1037000 1030 2 68.5 13.370466072816313 0.1
1028500 1030 2 77.0 15.223052695733646 0.1
1047750 1030 2 57.75 11.421064424546902 0.1
1047000 1030 2 58.5 11.600236102593986 0.1
1046750 1030 2 58.75 11.663571440479483 0.1
1049000 1030 2 56.5 11.20911964601043 0.1
1048250 1030 2 57.25 11.254667851541376 0.1
1061750 1030 2 43.75 8.707631923901303 0.1
1061500 1030 2 44.0 8.764438880073435 0.1
1061250 1030 2 44.25 8.871713467930457 0.1
1059500 1030 2 46.0 9.289549213809346 0.1
1056750 1030 2 48.75 10.091062442599922 0.1
