1051000 1011 2 46.75 9.174 0.1
1061750 1011 2 36.0 7.063094361103682 0.1
1061500 1011 2 36.25 7.11101160600655 0.1
1061250 1011 2 36.5 7.155803561791318 0.1
1060750 1011 2 37.0 7.273515075423761 0.1
1060250 1011 2 37.5 7.3693495652294985 0.1
1059750 1011 2 38.0 7.437056452972326 0.1
1059500 1011 2 38.25 7.478723119638993 0.1
1059250 1011 2 38.5 7.539141521014265 0.1
1059000 1011 2 38.75 7.605810500625739 0.1
1058500 1011 2 39.25 7.782902507502101 0.1
1057000 1011 2 40.75 8.039153085738302 0.1
1056500 1011 2 41.25 8.125611708189735 0.1
1056250 1011 2 41.5 8.148526640147796 0.1
1052250 1011 2 45.5 8.892156580177275 0.1
1051750 1011 2 46.0 8.968174421945276 0.1
1050250 1011 2 47.5 9.221832167727943 0.1
1049750 1011 2 48.0 9.352716196235937 0.1
1049500 1011 2 48.25 9.321227947249279 0.1
1049250 1011 2 48.5 9.425076292221272 0.1
1048750 1011 2 49.0 9.431596964118613 0.1
1048250 1011 2 49.5 9.529561280582612 0.1
1048000 1011 2 49.75 9.58951667616261 0.1
1047500 1011 2 50.25 9.672850009495944 0.1
1047000 1011 2 50.75 9.785445309090608 0.1
1046750 1011 2 51.0 9.783219026365279 0.1
1046250 1011 2 51.5 9.870210105481279 0.1
1045500 1011 2 52.25 10.01349883439461 0.1
1044500 1011 2 53.25 10.114326076973285 0.1
1045250 1011 2 52.5 10.040534517930611 0.1
1041000 1011 2 56.75 10.832745209459494 0.1
1042250 1011 2 55.5 10.630616153782835 0.1
1037250 1011 2 60.5 11.457745209459494 0.1
1036000 1011 2 61.75 11.71881490287456 0.1
1035000 1011 2 62.75 11.863766597742867 0.1
1034500 1011 2 63.25 11.934691375762851 0.1
1034250 1011 2 63.5 12.001175153056217 0.1
1032750 1011 2 65.0 12.241868736571204 0.1
1032250 1011 2 65.5 12.303487098106176 0.1
1032000 1011 2 65.75 12.4165029578246 0.1
1031750 1011 2 66.0 12.436454652692905 0.1
1031500 1011 2 66.25 12.453304208732874 0.1
1031000 1011 2 66.75 12.518024709096185 0.1
1030750 1011 2 67.0 12.581406347561211 0.1
1030000 1011 2 67.75 12.669180681621164 0.1
1029500 1011 2 68.25 12.79284181972288 0.1
1026500 1011 2 71.25 13.26636925116709 0.1
1029250 1011 2 68.5 12.90850817540826 0.1
1024750 1011 2 73.0 13.640566700841383 0.1
1023750 1011 2 74.0 13.835939726815052 0.1
1021750 1011 2 76.0 14.101095456794257 0.1
1021000 1011 2 76.75 14.258390111014632 0.1
1020500 1011 2 77.25 14.345311739261343 0.1
1020250 1011 2 77.5 14.397743290668133 0.1
1019750 1011 2 78.0 14.477488329088093 0.1
1019250 1011 2 78.5 14.593116316641803 0.1
1019000 1011 2 78.75 14.577370264694467 0.1
1018250 1011 2 79.5 14.756194688395093 0.1
1017000 1011 2 80.75 14.971704611555177 0.1
1016250 1011 2 81.5 15.067998252248177 0.1
1016000 1011 2 81.75 15.106076624001467 0.1
1015250 1011 2 82.5 15.335137176489345 0.1
1014500 1011 2 83.25 15.413489342615469 0.1
1013000 1011 2 84.75 15.433838468159463 0.1
1014750 1011 2 83.0 15.335939726815052 0.1
1017750 1011 2 80.0 14.861057791208678 0.1
1012000 1011 2 85.75 15.586151955172628 0.1
