1017000 1340 3 212.25 34.42185291162653 0.2
1016250 1340 3 213.0 34.51560291162653 0.2
1015500 1340 3 213.75 34.5860302081905 0.2
1014500 1340 3 214.75 34.67604615303647 0.2
1014750 1340 3 214.5 34.62147344960044 0.2
1013000 1340 3 216.25 35.01514372537063 0.2
1028250 1340 3 201.0 32.887328042728385 0.2
1025000 1340 3 204.25 33.25859398757435 0.2
1034500 1340 3 194.75 31.720207291710715 0.2
1035000 1340 3 194.25 31.581162943712478 0.2
1036000 1340 3 193.25 31.473827024019762 0.2
1034000 1340 3 195.25 31.712050970481574 0.2
1032500 1340 3 196.75 32.099743880630804 0.2
1031750 1340 3 197.5 32.39957481754913 0.2
