1061250 1020 2 40.25 7.845130037275618 0.1
1060250 1020 2 41.25 8.0330949705249 0.1
1059500 1020 2 42.0 8.224652053595566 0.1
1061500 1020 2 40.0 7.744893137506765 0.1
1061750 1020 2 39.75 7.716537887454232 0.1
1056750 1020 2 44.75 8.765516169936527 0.1
1057250 1020 2 44.25 8.706143386508634 0.1
1056500 1020 2 45.0 8.812507403248848 0.1
1052750 1020 2 48.75 9.544162910300155 0.1
1051250 1020 2 50.25 9.70352952587523 0.1
1050000 1020 2 51.5 9.942073987350206 0.1
1050500 1020 2 51.0 9.909092534252942 0.1
1049000 1020 2 52.5 10.09531348595392 0.1
1048750 1020 2 52.75 9.992638095943851 0.1
1048250 1020 2 53.25 10.15317764563916 0.1
1047750 1020 2 53.75 10.280149275177088 0.1
1047000 1020 2 54.5 10.465571531460371 0.1
1032750 1020 2 68.75 12.865180328063012 0.1
1032500 1020 2 69.0 12.855360750295187 0.1
1031250 1020 2 70.25 13.150577121111725 0.1
1031000 1020 2 70.5 13.205115348887015 0.1
1034250 1020 2 67.25 12.615180328063012 0.1
