1041000 1001 2 52.75 10.194 0.1
1038250 1001 2 55.5 10.64 0.1
1028000 1001 2 65.75 12.42 0.1
1016250 1001 2 77.5 14.482 0.1
1061500 1001 2 32.25 6.332797586315193 0.1
1061250 1001 2 32.5 6.4035900041315985 0.1
1061000 1001 2 32.75 6.412490200754809 0.1
1060750 1001 2 33.0 6.5451748397644085 0.1
1060500 1001 2 33.25 6.612326538687096 0.1
1060000 1001 2 33.75 6.6920191531267115 0.1
1059750 1001 2 34.0 6.711841506431075 0.1
1059500 1001 2 34.25 6.815400394290935 0.1
1059250 1001 2 34.5 6.857067060957602 0.1
1059000 1001 2 34.75 6.960625948817463 0.1
1058500 1001 2 35.25 7.131336535600011 0.1
1058250 1001 2 35.5 7.147518170010657 0.1
1056750 1001 2 37.0 7.419362483372961 0.1
1056250 1001 2 37.5 7.426240719938231 0.1
1056000 1001 2 37.75 7.507955294435788 0.1
1052500 1001 2 41.25 8.215073070155508 0.1
1052250 1001 2 41.5 8.260380455715893 0.1
1051500 1001 2 42.25 8.339827333759331 0.1
1051000 1001 2 42.75 8.345514595225179 0.1
1050250 1001 2 43.5 8.554133441851702 0.1
1049750 1001 2 44.0 8.67330342373926 0.1
1049500 1001 2 44.25 8.601487369984218 0.1
1049250 1001 2 44.5 8.640167649271365 0.1
1048750 1001 2 45.0 8.711555433086623 0.1
1048500 1001 2 45.25 8.801004297825589 0.1
1048000 1001 2 45.75 8.815650721429993 0.1
1047500 1001 2 46.25 9.012466775185036 0.1
1046750 1001 2 47.0 9.107602901389848 0.1
1046500 1001 2 47.25 9.104473757363737 0.1
1046250 1001 2 47.5 9.146140424030403 0.1
1045250 1001 2 48.5 9.31280709069707 0.1
1044500 1001 2 49.25 9.431834315938033 0.1
1041750 1001 2 52.0 9.890167649271365 0.1
1042750 1001 2 51.0 9.699609883568549 0.1
1039250 1001 2 54.5 10.542758918920006 0.1
1019250 1001 2 74.5 13.96370969409548 0.1
1020500 1001 2 73.25 13.742690001971635 0.1
1020250 1001 2 73.5 13.72726805408099 0.1
1021000 1001 2 72.75 13.64349872015016 0.1
1024750 1001 2 69.0 12.974096464383363 0.1
1017250 1001 2 76.5 14.354131641986124 0.1
1016500 1001 2 77.25 14.453758924405097 0.1
1036250 1001 2 57.5 10.884535246084836 0.1
1036000 1001 2 57.75 10.976154717572653 0.1
1032250 1001 2 61.5 11.599073350705105 0.1
1032000 1001 2 61.75 11.680285987855182 0.1
1031750 1001 2 62.0 11.72195265452185 0.1
1031500 1001 2 62.25 11.697015581426982 0.1
1030750 1001 2 63.0 11.886537954320968 0.1
1034500 1001 2 59.25 11.205341048897173 0.1
1035000 1001 2 58.75 11.178204620987634 0.1
1037250 1001 2 56.5 10.76782138423932 0.1
1032750 1001 2 61.0 11.528957128134802 0.1
1011750 1001 2 82.0 15.1590559884317 0.1
