1032750 1012 2 65.5 12.384 0.1
1061750 1012 2 36.5 7.141323692177085 0.1
1061500 1012 2 36.75 7.185397988979178 0.1
1061250 1012 2 37.0 7.25354858713553 0.1
1061000 1012 2 37.25 7.357813637323268 0.1
1060250 1012 2 38.0 7.44669918529188 0.1
1060000 1012 2 38.25 7.543741345073342 0.1
1059750 1012 2 38.5 7.554108819979473 0.1
1059500 1012 2 38.75 7.631889938677527 0.1
1059250 1012 2 39.0 7.637442153312806 0.1
1059000 1012 2 39.25 7.7128156418754354 0.1
1057750 1012 2 40.5 8.041530481980063 0.1
1057000 1012 2 41.25 8.142454180625803 0.1
1056500 1012 2 41.75 8.213749363282007 0.1
1056250 1012 2 42.0 8.255416029948673 0.1
1051750 1012 2 46.5 9.048179303075925 0.1
1052750 1012 2 45.5 8.849912490881792 0.1
1052250 1012 2 46.0 8.950099235163108 0.1
1051000 1012 2 47.25 9.171072626707426 0.1
1050250 1012 2 48.0 9.321352743129399 0.1
1049750 1012 2 48.5 9.392046018251747 0.1
1049500 1012 2 48.75 9.414752597601934 0.1
1049250 1012 2 49.0 9.4564192642686 0.1
1049000 1012 2 49.25 9.466485785407803 0.1
1048250 1012 2 50.0 9.606232519987287 0.1
1048000 1012 2 50.25 9.66896595033893 0.1
1047750 1012 2 50.5 9.719059322479586 0.1
1046750 1012 2 51.5 9.89625937098874 0.1
1046500 1012 2 51.75 9.929499332181418 0.1
1047000 1012 2 51.25 9.806139147846629 0.1
1045750 1012 2 52.5 10.075566095866394 0.1
1044500 1012 2 53.75 10.203845727196818 0.1
1045250 1012 2 53.0 10.133619312777757 0.1
1041250 1012 2 57.0 10.958035102015831 0.1
1038250 1012 2 60.0 11.373166139742068 0.1
1037500 1012 2 60.75 11.566714147732414 0.1
1036250 1012 2 62.0 11.804425198775897 0.1
1035000 1012 2 63.25 11.937682142405517 0.1
1034750 1012 2 63.5 12.031575862779114 0.1
1034250 1012 2 64.0 12.092059860115665 0.1
1032500 1012 2 65.75 12.435953580489263 0.1
1032250 1012 2 66.0 12.464563483729197 0.1
1032000 1012 2 66.25 12.50296595953918 0.1
1031750 1012 2 66.5 12.50546233592565 0.1
1031250 1012 2 67.0 12.618173386969131 0.1
1031000 1012 2 67.25 12.708802916486047 0.1
1030750 1012 2 67.5 12.672129002592316 0.1
1025500 1012 2 72.75 13.656056845627289 0.1
1025000 1012 2 73.25 13.680866246437963 0.1
1021250 1012 2 77.0 14.331470466916628 0.1
1020500 1012 2 77.75 14.430866246437963 0.1
1019250 1012 2 79.0 14.620910850857964 0.1
1019000 1012 2 79.25 14.6442887886113 0.1
1017750 1012 2 80.5 14.951381258076621 0.1
1017500 1012 2 80.75 14.978416941612625 0.1
1017250 1012 2 81.0 15.023741354061956 0.1
1016250 1012 2 82.0 15.197723512293955 0.1
1016000 1012 2 82.25 15.199154975351295 0.1
1014500 1012 2 83.75 15.485732433177956 0.1
1014750 1012 2 83.5 15.473327732772619 0.1
1015250 1012 2 83.0 15.265631042828634 0.1
1012500 1012 2 85.75 15.581312290637984 0.1
