1048250 1002 2 46.0 8.886 0.1
1035000 1002 2 59.25 11.33 0.1
1032250 1002 2 62.0 11.756 0.1
1032000 1002 2 62.25 11.802 0.1
1061750 1002 2 32.5 6.45188902419834 0.1
1061500 1002 2 32.75 6.526892108124748 0.1
1061250 1002 2 33.0 6.53938940968914 0.1
1060250 1002 2 34.0 6.764394806560357 0.1
1060000 1002 2 34.25 6.8060614732270235 0.1
1059500 1002 2 34.75 6.881060702245422 0.1
1059250 1002 2 35.0 6.9227273689120885 0.1
1059000 1002 2 35.25 7.01439866146837 0.1
1057000 1002 2 37.25 7.472743559525739 0.1
1056500 1002 2 37.75 7.50190521481199 0.1
1056250 1002 2 38.0 7.531070725006253 0.1
1056000 1002 2 38.25 7.5685703395154516 0.1
1053250 1002 2 41.0 8.316182189183845 0.1
1052750 1002 2 41.5 8.283671472539572 0.1
1052250 1002 2 42.0 8.34126168365566 0.1
1051250 1002 2 43.0 8.604465058636999 0.1
1051000 1002 2 43.25 8.43696885728854 0.1
1051750 1002 2 42.5 8.398851894771747 0.1
1050250 1002 2 44.0 8.616672992000188 0.1
1049750 1002 2 44.5 8.58094438507876 0.1
1049500 1002 2 44.75 8.706276198951475 0.1
1049000 1002 2 45.25 8.760648519790408 0.1
1048000 1002 2 46.25 8.875828942022583 0.1
1047500 1002 2 46.75 9.103967337827925 0.1
1047000 1002 2 47.25 9.151903878112545 0.1
1046750 1002 2 47.5 9.196788435056368 0.1
1046500 1002 2 47.75 9.2481087725545 0.1
1046250 1002 2 48.0 9.193238730906495 0.1
1045750 1002 2 48.5 9.318404637842853 0.1
1044500 1002 2 49.75 9.529955861453342 0.1
1045250 1002 2 49.0 9.408173751730498 0.1
1038500 1002 2 55.75 10.611716222109541 0.1
1037500 1002 2 56.75 10.840888671138227 0.1
1036250 1002 2 58.0 11.151083279431885 0.1
1034250 1002 2 60.0 11.424225859379572 0.1
1033750 1002 2 60.5 11.595530293815006 0.1
1041250 1002 2 53.0 10.17884820751629 0.1
1032750 1002 2 61.5 11.606086203208749 0.1
1032500 1002 2 61.75 11.728223277094072 0.1
1031750 1002 2 62.5 11.827619056615408 0.1
1031000 1002 2 63.25 11.981881022876738 0.1
1030750 1002 2 63.5 12.023547689543406 0.1
1025500 1002 2 68.75 12.936954020261402 0.1
1025000 1002 2 69.25 13.055035938530063 0.1
1020500 1002 2 73.75 13.790404955399397 0.1
1019250 1002 2 75.0 14.040802365233393 0.1
1021250 1002 2 73.0 13.69649579455206 0.1
