1041000 1350 3 192.25 31.307078957871312 0.1
1036000 1350 3 197.25 31.979699103915262 0.1
1035000 1350 3 198.25 32.1155218643798 0.1
1034500 1350 3 198.75 32.16936365600817 0.1
1034000 1350 3 199.25 32.19723082252166 0.1
1032500 1350 3 200.75 32.38689537461457 0.1
1053500 1350 3 179.75 29.563693107747618 0.1
1053750 1350 3 179.5 29.64807880511735 0.1
1053000 1350 3 180.25 29.617627500535043 0.1
1040250 1350 3 193.0 31.46549196248506 0.1
1037500 1350 3 195.75 31.731474128404933 0.1
1040000 1350 3 193.25 31.5213469048242 0.1
