1035000 1287 3 173.000 29.206 0.200
1036000 1287 3 172.000 29.068 0.200
1034500 1287 3 173.500 29.268 0.200
1032500 1287 3 175.500 29.576 0.200
1020750 1287 3 187.250 31.026 0.200
1041000 1287 3 167.000 28.397 0.200
1040000 1287 3 168.000 28.529 0.200
1048000 1287 3 160.000 27.413 0.200
1047750 1287 3 160.250 27.454 0.200
1045750 1287 3 162.250 27.741 0.200
1045500 1287 3 162.500 27.781 0.200
1042750 1287 3 165.250 28.162 0.200
1044750 1287 3 163.250 27.900 0.200
1044250 1287 3 163.750 27.962 0.200
1040750 1287 3 167.250 28.425 0.200
1037000 1287 3 171.000 28.986 0.200
1038000 1287 3 170.000 28.810 0.200
1037500 1287 3 170.500 28.860 0.200
1031750 1287 3 176.250 29.705 0.200
1017000 1287 3 191.000 31.591 0.200
1016750 1287 3 191.250 31.612 0.200
1014750 1287 3 193.250 31.842 0.200
