1048250 1100 2 85.0 16.79 0.1
1050250 1100 2 83.0 16.47281015631477 0.1
1041000 1100 2 92.25 17.65845210500025 0.1
1044750 1100 2 88.5 17.07077037209935 0.1
1043000 1100 2 90.25 17.45716802447912 0.1
1036000 1100 2 97.25 18.47738848534052 0.1
1039000 1100 2 94.25 18.01380389113884 0.1
1034500 1100 2 98.75 18.863118634225152 0.1
1031500 1100 2 101.75 19.280356348319888 0.1
1030750 1100 2 102.5 19.392114382575045 0.1
1029500 1100 2 103.75 19.501132972822063 0.1
1061250 1100 2 72.0 14.66335754297101 0.1
1060500 1100 2 72.75 14.881236505503017 0.1
1056750 1100 2 76.5 15.620969341571964 0.1
1053500 1100 2 79.75 16.151709071470158 0.1
1052500 1100 2 80.75 16.24188718075753 0.1
1051750 1100 2 81.5 16.372350649141765 0.1
1051250 1100 2 82.0 16.373731956711563 0.1
1049750 1100 2 83.5 16.558170336100734 0.1
1049000 1100 2 84.25 16.661316462563793 0.1
1049500 1100 2 83.75 16.605300471151637 0.1
1047500 1100 2 85.75 16.785656689726373 0.1
1048000 1100 2 85.25 16.767884977003867 0.1
1059250 1100 2 74.0 15.13874105429447 0.1
