1050250 999 2 42.75 8.42 0.1
1048750 999 2 44.25 8.552 0.1
1048250 999 2 44.75 8.708 0.1
1032250 999 2 60.75 11.55 0.1
1023750 999 2 69.25 13.088 0.1
1015250 999 2 77.75 14.55 0.1
1061750 999 2 31.25 6.290501005962346 0.1
1061500 999 2 31.5 6.3163328744306355 0.1
1061250 999 2 31.75 6.342164742898925 0.1
1060750 999 2 32.25 6.40966327803388 0.1
1060500 999 2 32.5 6.4829995410973025 0.1
1060250 999 2 32.75 6.566892336292977 0.1
1059750 999 2 33.25 6.655503935692436 0.1
1059500 999 2 33.5 6.686614070226851 0.1
1059250 999 2 33.75 6.717724204761265 0.1
1059000 999 2 34.0 6.838564862419822 0.1
1056250 999 2 36.75 7.339124324282162 0.1
1056000 999 2 37.0 7.359677926684325 0.1
1052250 999 2 40.75 8.153582440800356 0.1
1051750 999 2 41.25 8.226359242001438 0.1
1051000 999 2 42.0 8.219402590348288 0.1
1049750 999 2 43.25 8.484971953187163 0.1
1049500 999 2 43.5 8.489872713025658 0.1
1049250 999 2 43.75 8.531539379692326 0.1
1048000 999 2 45.0 8.74249884922767 0.1
1047500 999 2 45.5 8.875728770399236 0.1
1047000 999 2 46.0 8.974818920944644 0.1
1046750 999 2 46.25 8.935075365348931 0.1
1046500 999 2 46.5 8.960985214803523 0.1
1046250 999 2 46.75 9.021034834884277 0.1
1041250 999 2 51.75 10.001431795530296 0.1
1032750 999 2 60.25 11.410220053590926 0.1
1032000 999 2 61.0 11.532464975896627 0.1
1031750 999 2 61.25 11.590244244238837 0.1
1031500 999 2 61.5 11.613112875617372 0.1
1031000 999 2 62.0 11.73135684591438 0.1
1030750 999 2 62.25 11.767652645355867 0.1
1021000 999 2 72.0 13.502755423472072 0.1
1020500 999 2 72.5 13.54580725261655 0.1
1019250 999 2 73.75 13.8051638245891 0.1
1025500 999 2 67.5 12.707103052058036 0.1
1014500 999 2 78.5 14.739158472723059 0.1
1014250 999 2 78.75 14.770083404939363 0.1
1019750 999 2 73.25 13.711088756805406 0.1
1020250 999 2 72.75 13.600901087346168 0.1
1016250 999 2 76.75 14.399154001029764 0.1
1016000 999 2 77.0 14.454247835759384 0.1
1015750 999 2 77.25 14.48785820158828 0.1
1043500 999 2 49.5 9.44990832938742 0.1
1043250 999 2 49.75 9.477175515821058 0.1
1043000 999 2 50.0 9.547641142953783 0.1
1044500 999 2 48.5 9.254442702254698 0.1
1045250 999 2 47.75 9.158241662720753 0.1
1045750 999 2 47.25 9.118106770086504 0.1
1037250 999 2 55.75 10.714766939666017 0.1
1037000 999 2 56.0 10.770833086565714 0.1
1035000 999 2 58.0 11.11136616001556 0.1
1034250 999 2 58.75 11.23636616001556 0.1
