1061750 1000 2 31.75 6.43 0.1
1061500 1000 2 32.0 6.398 0.1
1061250 1000 2 32.25 6.418 0.1
1060250 1000 2 33.25 6.634 0.1
1059250 1000 2 34.25 6.844 0.1
1051000 1000 2 42.5 8.336 0.1
1050250 1000 2 43.25 8.53 0.1
1031000 1000 2 62.5 11.898 0.1
1016000 1000 2 77.5 14.486 0.1
1057000 1000 2 36.5 7.373527734923499 0.1
1056500 1000 2 37.0 7.392410661554663 0.1
1056250 1000 2 37.25 7.477044266022776 0.1
1056000 1000 2 37.5 7.427406189861369 0.1
1052750 1000 2 40.75 8.167794943859725 0.1
1052250 1000 2 41.25 8.208161339391612 0.1
1051750 1000 2 41.75 8.275382071049403 0.1
1049750 1000 2 43.75 8.56574846658129 0.1
1049500 1000 2 44.0 8.591302531572413 0.1
1049000 1000 2 44.5 8.62629805987912 0.1
1048250 1000 2 45.25 8.810377599356109 0.1
1048000 1000 2 45.5 8.889640336599042 0.1
1047750 1000 2 45.75 8.968903073841973 0.1
1047000 1000 2 46.5 9.034823534364984 0.1
1046750 1000 2 46.75 9.044264997680568 0.1
1046500 1000 2 47.0 9.102044266022776 0.1
1046250 1000 2 47.25 9.13296919823908 0.1
1045750 1000 2 47.75 9.221673398797597 0.1
1045250 1000 2 48.25 9.305006732130929 0.1
1044500 1000 2 49.0 9.3816689271043 0.1
1043000 1000 2 50.5 9.642410661554662 0.1
1041250 1000 2 52.25 10.084461610526391 0.1
1032750 1000 2 60.75 11.522611746093782 0.1
1032500 1000 2 61.0 11.607245350561897 0.1
1032000 1000 2 61.5 11.690578683895229 0.1
1031750 1000 2 61.75 11.683907545535266 0.1
1031250 1000 2 62.25 11.82632041834559 0.1
1029750 1000 2 63.75 12.067019152800052 0.1
1024000 1000 2 69.5 12.998868554643702 0.1
1023750 1000 2 69.75 13.070329644236262 0.1
1023500 1000 2 70.0 13.12192778521156 0.1
1016250 1000 2 77.25 14.436196844503632 0.1
1013000 1000 2 80.5 15.093730711437669 0.1
1021250 1000 2 72.25 13.511668693634784 0.1
1020500 1000 2 73.0 13.607892883458494 0.1
1019750 1000 2 73.75 13.743356814431692 0.1
1019250 1000 2 74.25 13.860697923427916 0.1
1019000 1000 2 74.5 13.884052710891488 0.1
1016500 1000 2 77.0 14.366118946140636 0.1
1015000 1000 2 78.5 14.616118946140636 0.1
1014750 1000 2 78.75 14.663017578293902 0.1
1014500 1000 2 79.0 14.717764158677063 0.1
1014250 1000 2 79.25 14.790822618263324 0.1
1013250 1000 2 80.25 14.889473733604207 0.1
1025750 1000 2 67.75 12.807682209569135 0.1
1028250 1000 2 65.25 12.305127967879104 0.1
1037500 1000 2 56.0 10.765983635808752 0.1
1037250 1000 2 56.25 10.79727338604621 0.1
1037000 1000 2 56.5 10.831157365390972 0.1
1036250 1000 2 57.25 10.976911198249386 0.1
1035000 1000 2 58.5 11.169679156938908 0.1
1034750 1000 2 58.75 11.213940052712877 0.1
1034250 1000 2 59.25 11.292084927831608 0.1
1043250 1000 2 50.25 9.58220590809707 0.1
1038500 1000 2 55.0 10.478105443683383 0.1
1038250 1000 2 55.25 10.538058578581568 0.1
1040500 1000 2 53.0 10.280091975263279 0.1
1040250 1000 2 53.25 10.294328939582668 0.1
1029000 1000 2 64.5 12.228977995172066 0.1
1060750 1000 2 32.75 6.526654156102987 0.1
1059750 1000 2 33.75 6.756190739897748 0.1
1060000 1000 2 33.5 6.706665333590069 0.1
1059500 1000 2 34.0 6.7837116752105935 0.1
1059000 1000 2 34.5 6.907910454677187 0.1
