1036250 1045 2 75.25 15.191416372855029 0.1
1037250 1045 2 74.25 15.030653030078106 0.1
1037500 1045 2 74.0 15.000793011190932 0.1
1034750 1045 2 76.75 15.411899753406296 0.1
1035000 1045 2 76.5 15.358426438960135 0.1
1032750 1045 2 78.75 15.786556353967852 0.1
1032500 1045 2 79.0 15.84593299230376 0.1
1032250 1045 2 79.25 15.893502982860172 0.1
1032000 1045 2 79.5 15.935169649526838 0.1
1031750 1045 2 79.75 15.982739640083247 0.1
1031250 1045 2 80.25 16.030653030078106 0.1
1031000 1045 2 80.5 16.10773964008325 0.1
1029750 1045 2 81.75 16.345589592865316 0.1
1025750 1045 2 85.75 17.094902793988428 0.1
1025000 1045 2 86.5 17.190386174539697 0.1
1024750 1045 2 86.75 17.232052841206364 0.1
1024500 1045 2 87.0 17.279622831762776 0.1
1023750 1045 2 87.75 17.41642947954227 0.1
1021250 1045 2 90.25 17.79767620287046 0.1
1020750 1045 2 90.75 17.875106212314044 0.1
1019250 1045 2 92.25 18.08968626897557 0.1
1034250 1045 2 77.25 15.536556353967852 0.1
1062000 1045 2 49.5 10.748757863820359 0.1
1061750 1045 2 49.75 10.817371467771983 0.1
1059750 1045 2 51.75 11.177651738390276 0.1
1059500 1045 2 52.0 11.228300717485261 0.1
1059250 1045 2 52.25 11.28344085279441 0.1
1058250 1045 2 53.25 11.602806830742509 0.1
1057500 1045 2 54.0 11.70085989345755 0.1
1057000 1045 2 54.5 11.797666695433364 0.1
1056750 1045 2 54.75 11.839333362100028 0.1
1056250 1045 2 55.25 11.954104788932481 0.1
1052500 1045 2 59.0 12.701143374153153 0.1
1052000 1045 2 59.5 12.725906474384297 0.1
1051250 1045 2 60.25 12.739623031490142 0.1
1050500 1045 2 61.0 12.876337078110579 0.1
1050000 1045 2 61.5 12.947956364823476 0.1
1049750 1045 2 61.75 13.007194101420797 0.1
1049000 1045 2 62.5 13.02676768183686 0.1
1048250 1045 2 63.25 13.099054472044893 0.1
1047750 1045 2 63.75 13.229243991859976 0.1
1047500 1045 2 64.0 13.27676768183686 0.1
1047250 1045 2 64.25 13.306720301883091 0.1
1047000 1045 2 64.5 13.324958875308882 0.1
1046750 1045 2 64.75 13.40176768183686 0.1
1046250 1045 2 65.25 13.520243155031507 0.1
1041250 1045 2 70.25 14.44728886132834 0.1
1044750 1045 2 66.75 13.752672085100851 0.1
1048750 1045 2 62.75 13.056720301883091 0.1
1023250 1045 2 88.25 17.44602869459696 0.1
