1061750 1007 2 34.5 6.795789230126686 0.1
1061500 1007 2 34.75 6.814120404711533 0.1
1061250 1007 2 35.0 6.875233314779716 0.1
1060750 1007 2 35.5 6.989680637555477 0.1
1060500 1007 2 35.75 7.046904298943356 0.1
1060250 1007 2 36.0 7.104127960331236 0.1
1060000 1007 2 36.25 7.16524087039942 0.1
1059750 1007 2 36.5 7.265246267270636 0.1
1059500 1007 2 36.75 7.287466690535787 0.1
1059250 1007 2 37.0 7.282462373038813 0.1
1059000 1007 2 37.25 7.355243029147906 0.1
1058500 1007 2 37.75 7.551364574210037 0.1
1057000 1007 2 39.25 7.731358097964577 0.1
1056500 1007 2 39.75 7.822469928658517 0.1
1056250 1007 2 40.0 7.899139833447913 0.1
1055250 1007 2 41.0 8.11247748427822 0.1
1055000 1007 2 41.25 8.18136889170701 0.1
1052750 1007 2 43.5 8.594200400730173 0.1
1052250 1007 2 44.0 8.651049802573821 0.1
1051750 1007 2 44.5 8.693453423604915 0.1
1051000 1007 2 45.25 8.789561861979804 0.1
1050250 1007 2 46.0 8.991606026313432 0.1
1049500 1007 2 46.75 9.063638163334064 0.1
1049750 1007 2 46.5 8.985857044636008 0.1
1049000 1007 2 47.25 9.161417277479952 0.1
1048250 1007 2 48.0 9.233449414500582 0.1
1048000 1007 2 48.25 9.311230533198636 0.1
1047750 1007 2 48.5 9.381788761490414 0.1
1047000 1007 2 49.25 9.50438113135499 0.1
1046750 1007 2 49.5 9.529194387073673 0.1
1046500 1007 2 49.75 9.558822903063211 0.1
1045750 1007 2 50.5 9.671784752386081 0.1
1044500 1007 2 51.75 9.817519702198343 0.1
1045250 1007 2 51.0 9.726226524094304 0.1
1041250 1007 2 55.0 10.622601574395134 0.1
1040250 1007 2 56.0 10.7720444254776 0.1
1036250 1007 2 60.0 11.471005746364643 0.1
1037500 1007 2 58.75 11.223918827966857 0.1
1035000 1007 2 61.25 11.659962287165751 0.1
1034750 1007 2 61.5 11.738229561948843 0.1
1034250 1007 2 62.0 11.774197402425624 0.1
1032750 1007 2 63.5 11.976831909569073 0.1
1032500 1007 2 63.75 12.033569414871916 0.1
1032250 1007 2 64.0 12.141978366927358 0.1
1032000 1007 2 64.25 12.187950987490076 0.1
1031750 1007 2 64.5 12.162875368767965 0.1
1031250 1007 2 65.0 12.239749771257225 0.1
1031000 1007 2 65.25 12.352464677208717 0.1
1030750 1007 2 65.5 12.348918827966857 0.1
1030500 1007 2 65.75 12.420727171905876 0.1
1030250 1007 2 66.0 12.462393838572542 0.1
1029500 1007 2 66.75 12.608923608052793 0.1
1029000 1007 2 67.25 12.657809310217726 0.1
1025000 1007 2 71.25 13.381426056249373 0.1
1025500 1007 2 70.75 13.295962896257777 0.1
1023750 1007 2 72.5 13.568461123000093 0.1
1022500 1007 2 73.75 13.92588232241172 0.1
1021750 1007 2 74.5 13.944390989498652 0.1
1021250 1007 2 75.0 13.991517269641543 0.1
1020500 1007 2 75.75 14.069661083159794 0.1
1019250 1007 2 77.0 14.307811989708785 0.1
1019000 1007 2 77.25 14.347348829717191 0.1
1018250 1007 2 78.0 14.480868136350237 0.1
1017750 1007 2 78.5 14.600408522874012 0.1
1017500 1007 2 78.75 14.64420501619894 0.1
1016500 1007 2 79.75 14.787443589624733 0.1
1016250 1007 2 80.0 14.83124008294966 0.1
1016000 1007 2 80.25 14.866517269641543 0.1
1015250 1007 2 81.0 15.044762936098078 0.1
1014500 1007 2 81.75 15.12716640293285 0.1
1013250 1007 2 83.0 15.295033029759217 0.1
