1032750 1013 2 65.75 12.386 0.1
1024750 1013 2 73.75 13.876 0.1
1059250 1013 2 39.25 7.683924080250325 0.1
1059000 1013 2 39.5 7.768928089354657 0.1
1059500 1013 2 39.0 7.606142961552269 0.1
1059750 1013 2 38.75 7.607813637323268 0.1
1060000 1013 2 38.5 7.530032518625214 0.1
1061000 1013 2 37.5 7.286321687624919 0.1
1061250 1013 2 37.25 7.275954212718789 0.1
1061500 1013 2 37.0 7.234287546052123 0.1
1057000 1013 2 41.5 8.227458189730136 0.1
1056250 1013 2 42.25 8.285044545938211 0.1
1050250 1013 2 48.25 9.424822079274142 0.1
1051000 1013 2 47.5 9.229167394915299 0.1
1049750 1013 2 48.75 9.51572555736021 0.1
1049500 1013 2 49.0 9.471597250162565 0.1
1049250 1013 2 49.25 9.472889811481322 0.1
1048750 1013 2 49.75 9.553699763230409 0.1
1048000 1013 2 50.5 9.663559473724943 0.1
1047500 1013 2 51.0 9.799883820327409 0.1
1047000 1013 2 51.5 9.890787298413477 0.1
1046750 1013 2 51.75 9.9299305834959 0.1
1046250 1013 2 52.25 9.998123627323766 0.1
1045750 1013 2 52.75 10.081456960657098 0.1
1045500 1013 2 53.0 10.166021114255921 0.1
1045250 1013 2 53.25 10.1345097149795 0.1
1044500 1013 2 54.0 10.24941618864252 0.1
1041000 1013 2 57.5 10.984484970942978 0.1
1038500 1013 2 60.0 11.344873283194064 0.1
1036000 1013 2 62.5 11.887338624436731 0.1
1035000 1013 2 63.5 12.037452833922346 0.1
1034500 1013 2 64.0 12.114165184383257 0.1
1034000 1013 2 64.5 12.151151637609644 0.1
1032250 1013 2 66.25 12.489165184383257 0.1
1031750 1013 2 66.75 12.569188026280381 0.1
1031500 1013 2 67.0 12.607544201510837 0.1
1031250 1013 2 67.25 12.695557748284452 0.1
1030750 1013 2 67.75 12.732544201510837 0.1
1031000 1013 2 67.5 12.707429992025222 0.1
1021000 1013 2 77.5 14.406857579040015 0.1
1020500 1013 2 78.0 14.505470103617398 0.1
1019000 1013 2 79.5 14.74324675062216 0.1
1019750 1013 2 78.75 14.615190912373349 0.1
1017000 1013 2 81.5 15.10713846644359 0.1
1016250 1013 2 82.25 15.22908262819478 0.1
1014500 1013 2 84.0 15.514637618363826 0.1
1014250 1013 2 84.25 15.537969255537634 0.1
1013000 1013 2 85.5 15.731023397626918 0.1
1012000 1013 2 86.5 15.735730637106668 0.1
1014750 1013 2 83.75 15.469915113448351 0.1
1015750 1013 2 82.75 15.297136770284064 0.1
1016000 1013 2 82.5 15.264637618363826 0.1
1017500 1013 2 81.0 15.029916809607876 0.1
1017750 1013 2 80.75 14.997417657687638 0.1
1029500 1013 2 69.0 12.942140653237495 0.1
1022250 1013 2 76.25 14.314030783751441 0.1
1051500 1013 2 47.0 9.173410185158886 0.1
1052250 1013 2 46.25 9.111124320128777 0.1
1052750 1013 2 45.75 9.009872662518333 0.1
