1057250 1065 2 62.0 12.994884054064011 0.1
1061750 1065 2 57.5 12.101491159267589 0.1
1061500 1065 2 57.75 12.143157825934255 0.1
1061250 1065 2 58.0 12.192371487063891 0.1
1060500 1065 2 58.75 12.351332962147254 0.1
1060250 1065 2 59.0 12.404320120508375 0.1
1058750 1065 2 60.5 12.842994982082615 0.1
1058000 1065 2 61.25 12.96422148485113 0.1
1056750 1065 2 62.5 13.070670392934373 0.1
1056500 1065 2 62.75 13.131204545758465 0.1
1059250 1065 2 60.0 12.567903149286607 0.1
1048750 1065 2 70.5 14.30378099023304 0.1
1048250 1065 2 71.0 14.366649467415256 0.1
1048000 1065 2 71.25 14.454362060421943 0.1
1047500 1065 2 71.75 14.553044035868616 0.1
1047250 1065 2 72.0 14.604943130610842 0.1
1046750 1065 2 72.5 14.667811607793055 0.1
1047000 1065 2 72.25 14.646609797277508 0.1
1045250 1065 2 74.0 14.953625106057515 0.1
1045500 1065 2 73.75 14.901726011315287 0.1
1044500 1065 2 74.75 15.088857534133076 0.1
1049500 1065 2 69.75 14.245291772724181 0.1
1049750 1065 2 69.5 14.183160249906395 0.1
1049250 1065 2 70.0 14.276726011315287 0.1
1050250 1065 2 69.0 14.212383625404222 0.1
1051000 1065 2 68.25 14.092499839442002 0.1
1051750 1065 2 67.5 14.05447547808426 0.1
1052500 1065 2 66.75 14.026683544802081 0.1
1042750 1065 2 76.5 15.38052420079974 0.1
1041000 1065 2 78.25 15.764282720146447 0.1
1032500 1065 2 86.75 17.07709922505969 0.1
1032250 1065 2 87.0 17.118765891726355 0.1
1031500 1065 2 87.75 17.259527781147412 0.1
1031000 1065 2 88.25 17.31133733563863 0.1
1038250 1065 2 81.0 16.09906352995003 0.1
1037750 1065 2 81.5 16.16663497386231 0.1
1018250 1065 2 101.0 19.64939367942115 0.1
1019000 1065 2 100.25 19.460267376775672 0.1
1017750 1065 2 101.5 19.758377533812677 0.1
1017250 1065 2 102.0 19.873774018468747 0.1
1016000 1065 2 103.25 19.99233052809841 0.1
1015500 1065 2 103.75 20.03077544957991 0.1
1016500 1065 2 102.75 19.883346673706885 0.1
