1057250 1080 2 68.0 13.892000134345281 0.1
1056750 1080 2 68.5 13.949960750097587 0.1
1050250 1080 2 75.0 15.129180152851784 0.1
1049750 1080 2 75.5 15.190011404534792 0.1
1049500 1080 2 75.75 15.20167529566769 0.1
1048750 1080 2 76.5 15.289171826250477 0.1
1048250 1080 2 77.0 15.320000302399716 0.1
1048000 1080 2 77.25 15.429173214017363 0.1
1047500 1080 2 77.75 15.45250099628316 0.1
1046750 1080 2 78.5 15.54749822074939 0.1
1046250 1080 2 79.0 15.638332247966165 0.1
1045500 1080 2 79.75 15.778333635733048 0.1
1044500 1080 2 80.75 15.899996139099063 0.1
1041000 1080 2 84.25 16.520832941849605 0.1
1052000 1080 2 73.25 15.01753013938773 0.1
1061250 1080 2 64.0 13.542138546678592 0.1
1061500 1080 2 63.75 13.466903959854545 0.1
1054750 1080 2 70.5 14.484486615350928 0.1
1052750 1080 2 72.5 14.717116188212122 0.1
1051750 1080 2 73.5 14.984486615350928 0.1
1051000 1080 2 74.25 15.035637191004692 0.1
1058000 1080 2 67.25 13.855543356275074 0.1
1058750 1080 2 66.5 13.804392780621312 0.1
1059500 1080 2 65.75 13.793523709156403 0.1
1059750 1080 2 65.5 13.75857062652121 0.1
1060250 1080 2 65.0 13.681950877219355 0.1
1032500 1080 2 92.75 17.832718889097663 0.1
1032250 1080 2 93.0 17.888692434838305 0.1
1031500 1080 2 93.75 18.00892347514698 0.1
1031000 1080 2 94.25 18.05410513094972 0.1
1030750 1080 2 94.5 18.071926999159764 0.1
1029500 1080 2 95.75 18.265953453419122 0.1
1035000 1080 2 90.25 17.42082118212232 0.1
1036000 1080 2 89.25 17.254154515455653 0.1
1037500 1080 2 87.75 16.99938555576433 0.1
1037250 1080 2 88.0 17.069665980578943 0.1
1038250 1080 2 87.0 16.798082200703142 0.1
1040250 1080 2 85.0 16.617355577492187 0.1
1034500 1080 2 90.75 17.456464918542412 0.1
1034000 1080 2 91.25 17.396729461136015 0.1
1034250 1080 2 91.0 17.436135109221862 0.1
1032000 1080 2 93.25 17.958972859652917 0.1
1042750 1080 2 82.5 16.136714242577995 0.1
