1061750 1016 2 38.0 7.3760107979695215 0.1
1061500 1016 2 38.25 7.455296685502217 0.1
1061250 1016 2 38.5 7.5201136419325945 0.1
1060750 1016 2 39.0 7.646853768572885 0.1
1060250 1016 2 39.5 7.735974674347146 0.1
1059500 1016 2 40.25 7.884124964110856 0.1
1060000 1016 2 39.75 7.748703478809174 0.1
1059250 1016 2 40.5 7.95472949298216 0.1
1057000 1016 2 42.75 8.425224438257466 0.1
1056500 1016 2 43.25 8.488301268047552 0.1
1056250 1016 2 43.5 8.509711431170974 0.1
1052750 1016 2 47.0 9.172977872789456 0.1
1052000 1016 2 47.75 9.303117237117 0.1
1051750 1016 2 48.0 9.313947717818404 0.1
1051000 1016 2 48.75 9.464644539456124 0.1
1050500 1016 2 49.25 9.743273717236118 0.1
1050250 1016 2 49.5 9.620480725421386 0.1
1049750 1016 2 50.0 9.693535330099632 0.1
1049500 1016 2 50.25 9.652972167525599 0.1
1048750 1016 2 51.0 9.757414710215425 0.1
1048250 1016 2 51.5 9.897281051151738 0.1
1048000 1016 2 51.75 9.954365810801036 0.1
1047500 1016 2 52.25 10.012002322496652 0.1
1047000 1016 2 52.75 10.085056927174897 0.1
1046750 1016 2 53.0 10.126723593841565 0.1
1046500 1016 2 53.25 10.163250896180687 0.1
1046250 1016 2 53.5 10.240893113140158 0.1
1045500 1016 2 54.25 10.365893113140158 0.1
1044500 1016 2 55.25 10.44005122191104 0.1
1041000 1016 2 58.75 11.223819764018575 0.1
1035000 1016 2 64.75 12.27862734194165 0.1
1032750 1016 2 67.0 12.590658553784358 0.1
1032250 1016 2 67.5 12.69288252356488 0.1
1031750 1016 2 68.0 12.788809614529672 0.1
1031500 1016 2 68.25 12.843070038827797 0.1
1031000 1016 2 68.75 12.920106493345402 0.1
1030750 1016 2 69.0 12.94288252356488 0.1
1024750 1016 2 75.0 14.043632584616548 0.1
1019250 1016 2 80.5 14.941408614836027 0.1
1019000 1016 2 80.75 14.951590887424048 0.1
1014500 1016 2 85.25 15.749795953680835 0.1
1016000 1016 2 83.75 15.490904934908809 0.1
