1061500 1019 2 39.5 7.687943186237909 0.1
1061250 1019 2 39.75 7.729609852904575 0.1
1060250 1019 2 40.75 7.929381433933349 0.1
1059500 1019 2 41.5 8.080865365423033 0.1
1059250 1019 2 41.75 8.13577399783454 0.1
1057250 1019 2 43.75 8.727325663192302 0.1
1056500 1019 2 44.5 8.73314797148872 0.1
1052750 1019 2 48.25 9.469545255932788 0.1
1051750 1019 2 49.25 9.573983943714603 0.1
1051000 1019 2 50.0 9.675648451632783 0.1
1050250 1019 2 50.75 9.83176244107521 0.1
1049750 1019 2 51.25 9.895649531007026 0.1
1049000 1019 2 52.0 10.055652769129756 0.1
1048250 1019 2 52.75 10.133981784966116 0.1
1048000 1019 2 53.0 10.17175920295248 0.1
1047500 1019 2 53.5 10.243424790244902 0.1
1047000 1019 2 54.0 10.326758123578236 0.1
1046750 1019 2 54.25 10.360646292884296 0.1
1046500 1019 2 54.5 10.41009145691157 0.1
1032750 1019 2 68.25 12.833423390250891 0.1
1034250 1019 2 66.75 12.556754256443098 0.1
1032000 1019 2 69.0 12.851746855019714 0.1
1031250 1019 2 69.75 13.118982235327952 0.1
