1061000 996 2 30.750 6.134 0.100
1059000 996 2 32.750 6.614 0.100
1056750 996 2 35.000 7.112 0.100
1056250 996 2 35.500 7.120 0.100
1056000 996 2 35.750 7.202 0.100
1036000 996 2 55.750 10.692 0.100
1035000 996 2 56.750 10.808 0.100
1034500 996 2 57.250 10.910 0.100
1025500 996 2 66.250 12.488 0.100
1054750 996 2 37.000 7.401 0.100
1060000 996 2 31.750 6.345 0.100
1057500 996 2 34.250 6.943 0.100
1060500 996 2 31.250 6.304 0.100
1060750 996 2 31.000 6.193 0.100
1061250 996 2 30.500 6.063 0.100
1061500 996 2 30.250 6.043 0.100
1059250 996 2 32.500 6.525 0.100
1059500 996 2 32.250 6.506 0.100
1059750 996 2 32.000 6.393 0.100
1058500 996 2 33.250 6.768 0.100
1058250 996 2 33.500 6.820 0.100
1052500 996 2 39.250 7.807 0.100
1051500 996 2 40.250 7.945 0.100
1051000 996 2 40.750 8.029 0.100
1050250 996 2 41.500 8.217 0.100
1049750 996 2 42.000 8.342 0.100
1049500 996 2 42.250 8.285 0.100
1049250 996 2 42.500 8.311 0.100
1048750 996 2 43.000 8.364 0.100
1048000 996 2 43.750 8.518 0.100
1047500 996 2 44.250 8.638 0.100
1046750 996 2 45.000 8.763 0.100
1046500 996 2 45.250 8.798 0.100
1046250 996 2 45.500 8.846 0.100
1045500 996 2 46.250 8.976 0.100
1045000 996 2 46.750 9.004 0.100
1044250 996 2 47.500 9.112 0.100
1044750 996 2 47.000 9.057 0.100
1043500 996 2 48.250 9.270 0.100
1043250 996 2 48.500 9.281 0.100
1043000 996 2 48.750 9.309 0.100
1042750 996 2 49.000 9.316 0.100
1042250 996 2 49.500 9.570 0.100
1042500 996 2 49.250 9.411 0.100
1041000 996 2 50.750 9.801 0.100
1040250 996 2 51.500 9.985 0.100
1038500 996 2 53.250 10.180 0.100
1038000 996 2 53.750 10.213 0.100
1037750 996 2 54.000 10.294 0.100
1037250 996 2 54.500 10.395 0.100
1037000 996 2 54.750 10.518 0.100
1032750 996 2 59.000 11.223 0.100
1032250 996 2 59.500 11.337 0.100
1032000 996 2 59.750 11.311 0.100
1031750 996 2 60.000 11.399 0.100
1031500 996 2 60.250 11.382 0.100
1031000 996 2 60.750 11.503 0.100
1030750 996 2 61.000 11.569 0.100
1031250 996 2 60.500 11.472 0.100
1024750 996 2 67.000 12.614 0.100
1023750 996 2 68.000 12.836 0.100
1022750 996 2 69.000 12.952 0.100
1021000 996 2 70.750 13.281 0.100
1020500 996 2 71.250 13.339 0.100
1020250 996 2 71.500 13.361 0.100
1019750 996 2 72.000 13.478 0.100
1014500 996 2 77.250 14.429 0.100
1014750 996 2 77.000 14.341 0.100
1015250 996 2 76.500 14.253 0.100
1016000 996 2 75.750 14.163 0.100
1016250 996 2 75.500 14.109 0.100
1017500 996 2 74.250 13.870 0.100
1019250 996 2 72.500 13.577 0.100
