1056750 1095 2 74.5 15.294946213821135 0.1
1059750 1095 2 71.5 14.873379395540585 0.1
1060250 1095 2 71.0 14.82366028294416 0.1
1061250 1095 2 70.0 14.606572285172131 0.1
1061500 1095 2 69.75 14.548098508137013 0.1
1061750 1095 2 69.5 14.556853172575707 0.1
1059250 1095 2 72.0 14.951110358751102 0.1
1057250 1095 2 74.0 15.284443692084436 0.1
1052750 1095 2 78.5 16.056853172575707 0.1
1052500 1095 2 78.75 16.0761103587511 0.1
1051750 1095 2 79.5 16.139484287400105 0.1
1050250 1095 2 81.0 16.29946590971466 0.1
1051250 1095 2 80.0 16.204125285809987 0.1
1049750 1095 2 81.5 16.311473200286002 0.1
1049500 1095 2 81.75 16.353139866952667 0.1
1049000 1095 2 82.25 16.430986581612004 0.1
1048250 1095 2 83.0 16.49563377619801 0.1
1047500 1095 2 83.75 16.53833449608802 0.1
1044750 1095 2 86.5 16.952774880029356 0.1
1043250 1095 2 88.0 17.213748117377357 0.1
1043000 1095 2 88.25 17.249928165370022 0.1
1042750 1095 2 88.5 17.231242026622695 0.1
1041000 1095 2 90.25 17.62715444809535 0.1
1040250 1095 2 91.0 17.779587541465347 0.1
1036000 1095 2 95.25 18.374058566792478 0.1
1034000 1095 2 97.25 18.64629828543938 0.1
1032500 1095 2 98.75 18.82647701151203 0.1
1032250 1095 2 99.0 18.89432665590145 0.1
1031750 1095 2 99.5 19.02129828543938 0.1
1031500 1095 2 99.75 19.04550963362421 0.1
1031000 1095 2 100.25 19.120115307716624 0.1
1030750 1095 2 100.5 19.161781974383292 0.1
1029500 1095 2 101.75 19.378842966957542 0.1
