1061500 1017 2 38.75 7.564054207227486 0.1
1061250 1017 2 39.0 7.603012289991799 0.1
1060250 1017 2 40.0 7.783221876170236 0.1
1059750 1017 2 40.5 7.88009812901534 0.1
1059500 1017 2 40.75 7.946142050803195 0.1
1059000 1017 2 41.25 8.086355646085963 0.1
1056500 1017 2 43.75 8.576154078116192 0.1
1052750 1017 2 47.5 9.258080293390808 0.1
1051750 1017 2 48.5 9.404328404485883 0.1
1050250 1017 2 50.0 9.722390256391192 0.1
1050000 1017 2 50.25 9.736832182295734 0.1
1049750 1017 2 50.5 9.764886478581339 0.1
1049500 1017 2 50.75 9.741894385937963 0.1
1049250 1017 2 51.0 9.865235274890999 0.1
1049000 1017 2 51.25 9.879677200795543 0.1
1048250 1017 2 52.0 9.95363081186656 0.1
1048000 1017 2 52.25 10.053150052652741 0.1
1047750 1017 2 52.5 10.074398163747814 0.1
1047000 1017 2 53.25 10.213010534128877 0.1
1046500 1017 2 53.75 10.255506756319026 0.1
1051250 1017 2 49.0 9.531901941557665 0.1
1053250 1017 2 47.0 9.028413978461062 0.1
1035000 1017 2 65.25 12.315258418928256 0.1
1041250 1017 2 59.0 11.31172027950242 0.1
1032750 1017 2 67.5 12.660602897740944 0.1
1031750 1017 2 68.5 12.899290115862513 0.1
1031250 1017 2 69.0 12.982623449195847 0.1
1034250 1017 2 66.0 12.406366394714185 0.1
