1048750 1004 2 46.25 8.964 0.1
1061750 1004 2 33.25 6.601317865881883 0.1
1061500 1004 2 33.5 6.656596902929612 0.1
1061250 1004 2 33.75 6.707338483183653 0.1
1060250 1004 2 34.75 6.930723359771411 0.1
1059750 1004 2 35.25 6.991369409136308 0.1
1059500 1004 2 35.5 7.035304804199818 0.1
1059250 1004 2 35.75 7.1382271375812625 0.1
1059000 1004 2 36.0 7.202581088216365 0.1
1057000 1004 2 38.0 7.635738471010818 0.1
1056250 1004 2 38.75 7.7040202610897275 0.1
1056000 1004 2 39.0 7.761568026534299 0.1
1052250 1004 2 42.75 8.43885314888472 0.1
1051750 1004 2 43.25 8.539688101279419 0.1
1051250 1004 2 43.75 8.76108976276352 0.1
1051000 1004 2 44.0 8.672466598640025 0.1
1050250 1004 2 44.75 8.795521974299874 0.1
1049750 1004 2 45.25 8.89441230235442 0.1
1049500 1004 2 45.5 8.821346132952138 0.1
1049250 1004 2 45.75 8.864957423958955 0.1
1049000 1004 2 46.0 8.894956344584713 0.1
1048250 1004 2 46.75 9.054959582707443 0.1
1048000 1004 2 47.0 9.114127868435475 0.1
1047500 1004 2 47.5 9.213018196490022 0.1
1047000 1004 2 48.0 9.327465519265782 0.1
1046750 1004 2 48.25 9.334128947809717 0.1
1046250 1004 2 48.75 9.38051441868017 0.1
1045750 1004 2 49.25 9.485238619755172 0.1
1045250 1004 2 49.75 9.556904207047594 0.1
1044500 1004 2 50.5 9.674125709686987 0.1
1041250 1004 2 53.75 10.363033775320396 0.1
1037000 1004 2 58.0 11.09451739841744 0.1
1036000 1004 2 59.0 11.261184065084107 0.1
1037250 1004 2 57.75 11.02275535505795 0.1
1038250 1004 2 56.75 10.860718746344025 0.1
1035000 1004 2 60.0 11.455631079467226 0.1
1034750 1004 2 60.25 11.520448035897601 0.1
1034250 1004 2 60.75 11.54590564482166 0.1
1033500 1004 2 61.5 11.712576166396339 0.1
1032750 1004 2 62.25 11.784330499939806 0.1
1032250 1004 2 62.75 11.883869036107736 0.1
1032000 1004 2 63.0 11.830619514743189 0.1
1031750 1004 2 63.25 11.941737050700986 0.1
1031500 1004 2 63.5 11.890802558312814 0.1
1031000 1004 2 64.0 12.110722601252036 0.1
1030750 1004 2 64.25 12.173224528706044 0.1
1023750 1004 2 71.25 13.352440678074995 0.1
1025500 1004 2 69.5 13.048411756674508 0.1
1024750 1004 2 70.25 13.181653259830389 0.1
1021000 1004 2 74.0 13.843740024031852 0.1
1020500 1004 2 74.5 13.922952605787245 0.1
1019250 1004 2 75.75 14.164251951744102 0.1
1019000 1004 2 76.0 14.166771478420333 0.1
1016500 1004 2 78.5 14.604041902976704 0.1
1016000 1004 2 79.0 14.710039369988708 0.1
1014500 1004 2 80.5 14.986824255245322 0.1
1014250 1004 2 80.75 15.038792800856841 0.1
1013250 1004 2 81.75 15.14776894543234 0.1
1012000 1004 2 83.0 15.347860775609794 0.1
1011250 1004 2 83.75 15.435774011408329 0.1
1016250 1004 2 78.75 14.616863308597788 0.1
