1057250 1085 2 70.0 14.386637047156526 0.1
1056750 1085 2 70.5 14.406307083639657 0.1
1056500 1085 2 70.75 14.511637047156526 0.1
1055250 1085 2 72.0 14.78942124978099 0.1
1054750 1085 2 72.5 14.843816720909686 0.1
1052750 1085 2 74.5 15.3854703867541 0.1
1052500 1085 2 74.75 15.35863534600995 0.1
1051750 1085 2 75.5 15.365314215027624 0.1
1051000 1085 2 76.25 15.44049479145612 0.1
1050250 1085 2 77.0 15.559267363509683 0.1
1049750 1085 2 77.5 15.605236129164386 0.1
1049500 1085 2 77.75 15.597083372259549 0.1
1048750 1085 2 78.5 15.703401088420234 0.1
1048250 1085 2 79.0 15.77427956586069 0.1
1048000 1085 2 79.25 15.834628516366672 0.1
1047500 1085 2 79.75 15.855687570235624 0.1
1046750 1085 2 80.5 16.005597282021377 0.1
1046250 1085 2 81.0 16.101385471247585 0.1
1045500 1085 2 81.75 16.195248331515394 0.1
1045250 1085 2 82.0 16.21200528639631 0.1
1044750 1085 2 82.5 16.27665633589033 0.1
1042750 1085 2 84.5 16.52280567797353 0.1
1041000 1085 2 86.25 16.889201479997453 0.1
1036000 1085 2 91.25 17.622895966187777 0.1
1035000 1085 2 92.25 17.839382056425947 0.1
1032500 1085 2 94.75 18.231139011306862 0.1
1032250 1085 2 95.0 18.27280567797353 0.1
1031500 1085 2 95.75 18.404033105919968 0.1
1031000 1085 2 96.25 18.456229299521112 0.1
1030750 1085 2 96.5 18.497895966187777 0.1
1029500 1085 2 97.75 18.71245672746755 0.1
1038250 1085 2 89.0 17.341307385384347 0.1
1061750 1085 2 65.5 13.993440116463386 0.1
1061500 1085 2 65.75 14.030060019961565 0.1
1061250 1085 2 66.0 14.046492870785787 0.1
1060250 1085 2 67.0 14.253533642800363 0.1
1060750 1085 2 66.5 14.160106783130054 0.1
1058000 1085 2 69.25 14.37619548437592 0.1
1059500 1085 2 67.75 14.287691905767565 0.1
1059250 1085 2 68.0 14.319265046097254 0.1
