1061750 1009 2 35.25 6.93214844068077 0.1
1061500 1009 2 35.5 6.970041610115953 0.1
1061250 1009 2 35.75 7.011708276782619 0.1
1060750 1009 2 36.25 7.113909096273376 0.1
1060500 1009 2 36.5 7.140481774014103 0.1
1060250 1009 2 36.75 7.2425243963845265 0.1
1059750 1009 2 37.25 7.329631226949345 0.1
1059500 1009 2 37.5 7.416579860393829 0.1
1059250 1009 2 37.75 7.450699532597526 0.1
1059000 1009 2 38.0 7.4961396964956775 0.1
1057750 1009 2 39.25 7.851639421856918 0.1
1057000 1009 2 40.0 7.927583957847616 0.1
1056250 1009 2 40.75 8.022395979995737 0.1
1056500 1009 2 40.5 7.992049805023525 0.1
1052750 1009 2 44.25 8.689634779834776 0.1
1052250 1009 2 44.75 8.775560945621644 0.1
1051750 1009 2 45.25 8.871858441222656 0.1
1051000 1009 2 46.0 8.926851964977196 0.1
1050250 1009 2 46.75 9.108894278954978 0.1
1049750 1009 2 47.25 9.223341601730738 0.1
1049500 1009 2 47.5 9.280565263118618 0.1
1048750 1009 2 48.25 9.294073467616588 0.1
1048250 1009 2 48.75 9.377406800949922 0.1
1048500 1009 2 48.5 9.335740134283256 0.1
1048000 1009 2 49.0 9.457965954419622 0.1
1047500 1009 2 49.5 9.543892120206491 0.1
1047000 1009 2 50.0 9.660932275435787 0.1
1046750 1009 2 50.25 9.681856282474168 0.1
1045750 1009 2 51.25 9.832965954419622 0.1
1045500 1009 2 51.5 9.908339442982252 0.1
1045250 1009 2 51.75 9.916299287752956 0.1
1046500 1009 2 50.5 9.720930116687299 0.1
1044500 1009 2 52.5 10.017963795671136 0.1
1044250 1009 2 52.75 10.062223294791337 0.1
1041250 1009 2 55.75 10.77531158381452 0.1
1038500 1009 2 58.5 11.109327861116729 0.1
1037250 1009 2 59.75 11.3549563112594 0.1
1036000 1009 2 61.0 11.604728663269775 0.1
1036250 1009 2 60.75 11.558918094735404 0.1
1035000 1009 2 62.0 11.80040264301037 0.1
1034750 1009 2 62.25 11.842069309677036 0.1
1034250 1009 2 62.75 11.900539231804146 0.1
1032750 1009 2 64.25 12.096668507523992 0.1
1032250 1009 2 64.75 12.217296957666662 0.1
1032000 1009 2 65.0 12.304546544878075 0.1
1031750 1009 2 65.25 12.29648638913229 0.1
1031500 1009 2 65.5 12.305001840857324 0.1
1031000 1009 2 66.0 12.446349800338517 0.1
1030750 1009 2 66.25 12.488016467005183 0.1
1029500 1009 2 67.5 12.733644917147853 0.1
1029250 1009 2 67.75 12.833326209962378 0.1
1028500 1009 2 68.5 13.037060345448758 0.1
1021000 1009 2 76.0 14.148902020546533 0.1
1020500 1009 2 76.5 14.241263966887713 0.1
1019250 1009 2 77.75 14.491730827591 0.1
1019000 1009 2 78.0 14.467187665533455 0.1
1018250 1009 2 78.75 14.631311655234125 0.1
1016500 1009 2 80.5 14.938026010247203 0.1
1016250 1009 2 80.75 14.973673601575307 0.1
1016000 1009 2 81.0 15.006311655234125 0.1
1014500 1009 2 82.5 15.268349805911255 0.1
1014250 1009 2 82.75 15.346130924609309 0.1
1014000 1009 2 83.0 15.411873892630235 0.1
1013250 1009 2 83.75 15.464644988567459 0.1
1012000 1009 2 85.0 15.678997397239355 0.1
1017750 1009 2 79.25 14.705616375559611 0.1
1017500 1009 2 79.5 14.741263966887713 0.1
1023750 1009 2 73.25 13.667524734447138 0.1
1026500 1009 2 70.5 13.167659781277706 0.1
1026250 1009 2 70.75 13.209326447944372 0.1
