1045750 1005 2 49.75 9.604 0.1
1045250 1005 2 50.25 9.69 0.1
1044500 1005 2 51.0 9.754 0.1
1025750 1005 2 69.75 13.18 0.1
1061750 1005 2 33.75 6.6768113150029205 0.1
1061500 1005 2 34.0 6.741813473751407 0.1
1061250 1005 2 34.25 6.765978521356708 0.1
1060750 1005 2 34.75 6.866813473751407 0.1
1060250 1005 2 35.25 6.961814553125651 0.1
1060000 1005 2 35.5 7.0093150928127725 0.1
1059750 1005 2 35.75 7.050981759479439 0.1
1059500 1005 2 36.0 7.127651664268836 0.1
1059000 1005 2 36.5 7.269323727806719 0.1
1058500 1005 2 37.0 7.410995791344603 0.1
1057000 1005 2 38.5 7.660995791344603 0.1
1056500 1005 2 39.0 7.750162997698391 0.1
1056250 1005 2 39.25 7.780161918324148 0.1
1052250 1005 2 43.25 8.528502807277185 0.1
1051750 1005 2 43.75 8.541829664365057 0.1
1051250 1005 2 44.25 8.683501727902941 0.1
1050250 1005 2 45.25 8.885171632692337 0.1
1050000 1005 2 45.5 8.973509283522645 0.1
1049750 1005 2 45.75 8.986006585087036 0.1
1049500 1005 2 46.0 8.957666775508244 0.1
1049000 1005 2 46.5 9.005996870718846 0.1
1048250 1005 2 47.25 9.130996870718846 0.1
1048000 1005 2 47.5 9.225168394569607 0.1
1047750 1005 2 47.75 9.272668934256728 0.1
1047000 1005 2 48.5 9.380167315195365 0.1
1046750 1005 2 48.75 9.386830743739301 0.1
1046500 1005 2 49.0 9.457666775508242 0.1
1041250 1005 2 54.25 10.409353943081806 0.1
1040250 1005 2 55.25 10.64257769281914 0.1
1037500 1005 2 58.0 11.07162590960138 0.1
1037000 1005 2 58.5 11.242814592587994 0.1
1036250 1005 2 59.25 11.343854042682555 0.1
1035000 1005 2 60.5 11.56549879263002 0.1
1034750 1005 2 60.75 11.593854042682555 0.1
1034250 1005 2 61.25 11.64257769281914 0.1
1033750 1005 2 61.75 11.765845275994874 0.1
1032750 1005 2 62.75 11.8686171429137 0.1
1032500 1005 2 63.0 11.944893492777114 0.1
1032250 1005 2 63.25 11.997209292735086 0.1
1031000 1005 2 64.5 12.192231209454286 0.1
1031250 1005 2 64.25 12.139915409496314 0.1
1031750 1005 2 63.75 12.019310109643406 0.1
1029750 1005 2 65.75 12.3686171429137 0.1
1011500 1005 2 84.0 15.584321418153797 0.1
1012000 1005 2 83.5 15.463299413085142 0.1
1014250 1005 2 81.25 15.127701206262978 0.1
1014500 1005 2 81.0 15.029501531993331 0.1
1015000 1005 2 80.5 14.97700438462526 0.1
1016000 1005 2 79.5 14.832608296711284 0.1
1016250 1005 2 79.25 14.765244808406898 0.1
1016500 1005 2 79.0 14.709873170200114 0.1
1017750 1005 2 77.75 14.535802265717074 0.1
1019000 1005 2 76.5 14.246952224585554 0.1
1019250 1005 2 76.25 14.191580586378771 0.1
1020500 1005 2 75.0 13.974681645832865 0.1
1021250 1005 2 74.25 13.854821010160409 0.1
1023750 1005 2 71.75 13.38847382166082 0.1
1025000 1005 2 70.5 13.269222803338245 0.1
