1041750 1025 2 61.75 12.274 0.1
1032250 1025 2 71.25 13.798 0.1
1023750 1025 2 79.75 15.282 0.1
1022500 1025 2 81.0 15.496 0.1
1061250 1025 2 42.25 8.620651865862296 0.1
1061500 1025 2 42.0 8.583291153091679 0.1
1061750 1025 2 41.75 8.533012578632912 0.1
1060250 1025 2 43.25 8.645222053959309 0.1
1051250 1025 2 52.25 10.308848302009213 0.1
1049000 1025 2 54.5 10.713989979281564 0.1
1047750 1025 2 55.75 10.862039958070195 0.1
1048250 1025 2 55.25 10.778706624736863 0.1
1050000 1025 2 53.5 10.461204234693895 0.1
1032750 1025 2 70.75 13.699023022547305 0.1
1032500 1025 2 71.0 13.766525412590273 0.1
1031750 1025 2 71.75 13.917361135966573 0.1
1034750 1025 2 68.75 13.405878592243774 0.1
1035000 1025 2 68.5 13.324023022547305 0.1
1036250 1025 2 67.25 13.101336509560472 0.1
1036500 1025 2 67.0 13.094117474062205 0.1
1037250 1025 2 66.25 12.992082561507805 0.1
