1041250 1014 2 57.75 11.104 0.1
1016000 1014 2 83.0 15.386 0.1
1014500 1014 2 84.5 15.658 0.1
1061750 1014 2 37.25 7.290568913478986 0.1
1061500 1014 2 37.5 7.32223465496773 0.1
1061250 1014 2 37.75 7.368901784223358 0.1
1060750 1014 2 38.25 7.484738124384941 0.1
1060250 1014 2 38.75 7.578072382896197 0.1
1060000 1014 2 39.0 7.6122383556794215 0.1
1059500 1014 2 39.5 7.695571689012755 0.1
1059250 1014 2 39.75 7.759740437329748 0.1
1059000 1014 2 40.0 7.856412192474991 0.1
1057000 1014 2 42.0 8.302255934059957 0.1
1056500 1014 2 42.5 8.345585566681597 0.1
1056250 1014 2 42.75 8.389752464642745 0.1
1057250 1014 2 41.75 8.19558325373679 0.1
1052750 1014 2 46.25 9.046191885809911 0.1
1051750 1014 2 47.25 9.196607049062452 0.1
1051250 1014 2 47.75 9.266397462884015 0.1
1051000 1014 2 48.0 9.308064129550681 0.1
1050250 1014 2 48.75 9.465567136378931 0.1
1049750 1014 2 49.25 9.524523214591078 0.1
1049500 1014 2 49.5 9.660990317840138 0.1
1049250 1014 2 49.75 9.610565131826764 0.1
1049000 1014 2 50.0 9.61702020776283 0.1
1048250 1014 2 50.75 9.725768704348704 0.1
1048000 1014 2 51.0 9.794521210038912 0.1
1047500 1014 2 51.5 9.896814630688723 0.1
1047250 1014 2 51.75 9.922229793941266 0.1
1047000 1014 2 52.0 9.95577070890087 0.1
1046750 1014 2 52.25 10.002854543372246 0.1
1046500 1014 2 52.5 10.06348129735539 0.1
1045750 1014 2 53.25 10.18848129735539 0.1
1044500 1014 2 54.5 10.33451720093458 0.1
1032750 1014 2 66.25 12.45674497842473 0.1
1032250 1014 2 66.75 12.577882734942202 0.1
1031750 1014 2 67.25 12.626698986237844 0.1
1031500 1014 2 67.5 12.671652994050957 0.1
1031000 1014 2 68.0 12.758273668530737 0.1
1031250 1014 2 67.75 12.713319660717623 0.1
1030750 1014 2 68.25 12.79829666462418 0.1
1034250 1014 2 64.75 12.218250672437293 0.1
1034750 1014 2 64.25 12.164503409421982 0.1
1035000 1014 2 64.0 12.045584225813814 0.1
1019250 1014 2 79.75 14.787969429164807 0.1
1019000 1014 2 80.0 14.838386905362157 0.1
1020500 1014 2 78.5 14.575260691066134 0.1
1024750 1014 2 74.25 13.897555191090188 0.1
