1059250 1018 2 41.25 8.092 0.1
1061500 1018 2 39.0 7.582947933853591 0.1
1061000 1018 2 39.5 7.666281267186925 0.1
1059500 1018 2 41.0 8.037403583230656 0.1
1057000 1018 2 43.5 8.590332855446523 0.1
1056250 1018 2 44.25 8.634584644750701 0.1
1056500 1018 2 44.0 8.638338846600433 0.1
1050250 1018 2 50.25 9.769357760656504 0.1
1051000 1018 2 49.5 9.630884292014024 0.1
1049750 1018 2 50.75 9.830235312919038 0.1
1048750 1018 2 51.75 9.916061167730827 0.1
1048500 1018 2 52.0 9.881378178756776 0.1
1048000 1018 2 52.5 10.076990417444106 0.1
1047500 1018 2 53.0 10.126640079171242 0.1
1046750 1018 2 53.75 10.251640079171242 0.1
1046250 1018 2 54.25 10.359674771682453 0.1
1045500 1018 2 55.0 10.516112865181572 0.1
1032750 1018 2 67.75 12.744077810914474 0.1
1030750 1018 2 69.75 13.082874612632043 0.1
1032250 1018 2 68.25 12.77550819459757 0.1
1034000 1018 2 66.5 12.425840463994465 0.1
1035000 1018 2 65.5 12.254335386767181 0.1
