1032750 1050 2 80.75 16.006 0.1
1032500 1050 2 81.0 16.184 0.1
1032250 1050 2 81.25 16.256 0.1
1062000 1050 2 51.5 11.0710110440508 0.1
1059500 1050 2 54.0 11.5351821053126 0.1
1059750 1050 2 53.75 11.478514050879049 0.1
1058250 1050 2 55.25 11.813521914891394 0.1
1057500 1050 2 56.0 11.976025384308606 0.1
1057250 1050 2 56.25 12.065196445570406 0.1
1056750 1050 2 56.75 12.023518214179703 0.1
1056500 1050 2 57.0 12.147692513564234 0.1
1056250 1050 2 57.25 12.096850622335111 0.1
1061750 1050 2 51.75 11.12767909848435 0.1
1059250 1050 2 54.25 11.659356404697132 0.1
1051250 1050 2 62.25 13.05661046610284 0.1
1052000 1050 2 61.5 12.956057172093319 0.1
1053000 1050 2 60.5 12.797539407423479 0.1
1050500 1050 2 63.0 13.157163760112361 0.1
1050000 1050 2 63.5 13.171231426472675 0.1
1049750 1050 2 63.75 13.302536015104428 0.1
1049500 1050 2 64.0 13.29327204429093 0.1
1049000 1050 2 64.5 13.286967455659177 0.1
1048500 1050 2 65.0 13.404933622479023 0.1
1048250 1050 2 65.25 13.526052083614744 0.1
1047750 1050 2 65.75 13.552343102970294 0.1
1047500 1050 2 66.0 13.577711965643308 0.1
1047250 1050 2 66.25 13.619378632309974 0.1
1047000 1050 2 66.5 13.65697084797823 0.1
1046500 1050 2 67.0 13.760676436303626 0.1
1046250 1050 2 67.25 13.828827034459978 0.1
1044750 1050 2 68.75 14.02909345987968 0.1
1041250 1050 2 72.25 14.76040344538265 0.1
1036250 1050 2 77.25 15.541509725009053 0.1
1035750 1050 2 77.75 15.62049080386681 0.1
1035000 1050 2 78.5 15.734610167677864 0.1
1034750 1050 2 78.75 15.778452961582321 0.1
1034250 1050 2 79.25 15.866138549391232 0.1
1032000 1050 2 81.5 16.325372942930663 0.1
1031750 1050 2 81.75 16.33453660276908 0.1
1031250 1050 2 82.25 16.339321002934145 0.1
1031000 1050 2 82.5 16.367444750089042 0.1
1029750 1050 2 83.75 16.621824009762395 0.1
1021250 1050 2 92.25 17.994106072758207 0.1
1020750 1050 2 92.75 18.11855432071189 0.1
1019250 1050 2 94.25 18.38225929225201 0.1
1018500 1050 2 95.0 18.57921039283762 0.1
1018000 1050 2 95.5 18.676248697711067 0.1
