1061750 997 2 30.5 6.138 0.1
1061500 997 2 30.75 6.158 0.1
1061250 997 2 31.0 6.228 0.1
1060750 997 2 31.5 6.37 0.1
1060250 997 2 32.0 6.464 0.1
1059500 997 2 32.75 6.594 0.1
1059250 997 2 33.0 6.584 0.1
1059000 997 2 33.25 6.748 0.1
1056250 997 2 36.0 7.228 0.1
1050250 997 2 42.0 8.286 0.1
1049500 997 2 42.75 8.438 0.1
1048750 997 2 43.5 8.48 0.1
1048250 997 2 44.0 8.594 0.1
1046500 997 2 45.75 8.92 0.1
1046250 997 2 46.0 8.94 0.1
1041250 997 2 51.0 9.928 0.1
1037500 997 2 54.75 10.554 0.1
1035000 997 2 57.25 10.928 0.1
1032750 997 2 59.5 11.208 0.1
1031000 997 2 61.25 11.666 0.1
1025500 997 2 66.75 12.544 0.1
1060500 997 2 31.75 6.373350388918805 0.1
1059750 997 2 32.5 6.526236239257879 0.1
1056000 997 2 36.25 7.275793037439074 0.1
1051750 997 2 40.5 8.054770524964727 0.1
1051000 997 2 41.25 8.112844484150951 0.1
1049750 997 2 42.5 8.371372348094615 0.1
1045250 997 2 47.0 9.051452888000805 0.1
1044500 997 2 47.75 9.1733093921444 0.1
1045750 997 2 46.5 9.02575031203489 0.1
1047000 997 2 45.25 8.871904240212572 0.1
1040250 997 2 52.0 10.109448152078 0.1
1032500 997 2 59.75 11.431873756694435 0.1
1032000 997 2 60.25 11.41194494119641 0.1
1032250 997 2 60.0 11.3439134705728 0.1
1031750 997 2 60.5 11.493158813798491 0.1
1031250 997 2 61.0 11.577590680630028 0.1
1030750 997 2 61.5 11.66421961445798 0.1
1019750 997 2 72.5 13.585618153213645 0.1
1020500 997 2 71.75 13.427442441567825 0.1
1023750 997 2 68.5 12.907467586361886 0.1
1014250 997 2 78.0 14.58750127443406 0.1
1014500 997 2 77.75 14.531164960437508 0.1
1014750 997 2 77.5 14.436320822199994 0.1
1015000 997 2 77.25 14.387319331868383 0.1
1015250 997 2 77.0 14.29797631137958 0.1
