1025500 1003 2 69.0 13.068 0.1
1024750 1003 2 69.75 13.154 0.1
1013000 1003 2 81.5 15.076 0.1
1061500 1003 2 33.0 6.513585633712713 0.1
1061250 1003 2 33.25 6.574513341462787 0.1
1061000 1003 2 33.5 6.64747919988999 0.1
1060500 1003 2 34.0 6.73322016335875 0.1
1060000 1003 2 34.5 6.843037428181768 0.1
1059750 1003 2 34.75 6.894334615390138 0.1
1059500 1003 2 35.0 6.940816542327656 0.1
1059250 1003 2 35.25 6.977667948723472 0.1
1059000 1003 2 35.5 7.084340629046637 0.1
1056750 1003 2 37.75 7.561566656114099 0.1
1056250 1003 2 38.25 7.616610335356178 0.1
1056000 1003 2 38.5 7.662629256498422 0.1
1052500 1003 2 42.0 8.329519123594997 0.1
1052250 1003 2 42.25 8.384728709773434 0.1
1051500 1003 2 43.0 8.476623795411328 0.1
1051000 1003 2 43.5 8.567480972917867 0.1
1050250 1003 2 44.25 8.74966218863423 0.1
1049750 1003 2 44.75 8.810423989447948 0.1
1049500 1003 2 45.0 8.727194842839396 0.1
1049250 1003 2 45.25 8.782404429017834 0.1
1048750 1003 2 45.75 8.864232993516525 0.1
1048000 1003 2 46.5 8.995252068855091 0.1
1047500 1003 2 47.0 9.159842919259047 0.1
1046750 1003 2 47.75 9.269795230912635 0.1
1046500 1003 2 48.0 9.272337907878631 0.1
1046250 1003 2 48.25 9.312499805710656 0.1
1045750 1003 2 48.75 9.410880827390402 0.1
1045500 1003 2 49.0 9.460071338230275 0.1
1045250 1003 2 49.25 9.48518554771589 0.1
1045000 1003 2 49.5 9.51932837020935 0.1
1044500 1003 2 50.0 9.58460447752699 0.1
1044750 1003 2 49.75 9.551966423868167 0.1
1038500 1003 2 56.0 10.649600883813235 0.1
1038250 1003 2 56.25 10.765927234967869 0.1
1036250 1003 2 58.25 11.2433711220803 0.1
1036000 1003 2 58.5 11.212114375991277 0.1
1035000 1003 2 59.5 11.357945781870605 0.1
1034000 1003 2 60.5 11.491623285623985 0.1
1033500 1003 2 61.0 11.69302309675224 0.1
1032750 1003 2 61.75 11.689538988563648 0.1
1032250 1003 2 62.25 11.838850647723556 0.1
1032000 1003 2 62.5 11.851000694941492 0.1
1031750 1003 2 62.75 11.880513459482211 0.1
1031500 1003 2 63.0 11.934334028274826 0.1
1030750 1003 2 63.75 12.04370758268432 0.1
1029500 1003 2 65.0 12.340590774363847 0.1
1029750 1003 2 64.75 12.293715292500345 0.1
1022500 1003 2 72.0 13.47431500311873 0.1
1021000 1003 2 73.5 13.767953299323326 0.1
1020500 1003 2 74.0 13.837743713144889 0.1
1020250 1003 2 74.25 13.844800696614808 0.1
1019000 1003 2 75.5 14.108810476829866 0.1
1017500 1003 2 77.0 14.41599169254623 0.1
1016250 1003 2 78.25 14.591220111517456 0.1
1014750 1003 2 79.75 14.875829794714203 0.1
1014500 1003 2 80.0 14.91599169254623 0.1
1011750 1003 2 82.75 15.299086584147503 0.1
1014250 1003 2 80.25 14.93659159552792 0.1
1019750 1003 2 74.75 13.980800939160583 0.1
1023500 1003 2 71.0 13.256486196074265 0.1
1042000 1003 2 52.5 10.02872360663942 0.1
1042750 1003 2 51.75 9.741324323946992 0.1
1043500 1003 2 51.0 9.644567677458719 0.1
1041000 1003 2 53.5 10.265998657085403 0.1
