1052000 1055 2 63.5 13.268694474340334 0.1
1061500 1055 2 54.0 11.424131573625376 0.1
1060500 1055 2 55.0 11.63202890636121 0.1
1059750 1055 2 55.75 11.785573213639864 0.1
1059500 1055 2 56.0 11.846269418492303 0.1
1058250 1055 2 57.25 12.210010647009423 0.1
1057500 1055 2 58.0 12.281093622149742 0.1
1056750 1055 2 58.75 12.374377725173458 0.1
1051250 1055 2 64.25 13.34340496484327 0.1
1050500 1055 2 65.0 13.44756970405593 0.1
1050000 1055 2 65.5 13.548265754712045 0.1
1049750 1055 2 65.75 13.558679530197704 0.1
1049500 1055 2 66.0 13.603818740328926 0.1
1049000 1055 2 66.5 13.635063921693911 0.1
1048500 1055 2 67.0 13.725342341956356 0.1
1048250 1055 2 67.25 13.763536465158468 0.1
1047750 1055 2 67.75 13.850342341956356 0.1
1047500 1055 2 68.0 13.912844269410364 0.1
1047250 1055 2 68.25 13.961456023006143 0.1
1047000 1055 2 68.5 14.020485406995592 0.1
1046500 1055 2 69.0 14.114236370722596 0.1
1046250 1055 2 69.25 14.110759972350026 0.1
1045500 1055 2 70.0 14.267012863531036 0.1
1044750 1055 2 70.75 14.32603453770446 0.1
1032750 1055 2 82.75 16.43970004895576 0.1
1032250 1055 2 83.25 16.542618527429195 0.1
1031750 1055 2 83.75 16.642272815045946 0.1
1031250 1055 2 84.25 16.69949262152581 0.1
1031000 1055 2 84.5 16.760744433332576 0.1
1029750 1055 2 85.75 16.952756812382496 0.1
1034250 1055 2 81.25 16.20602100323918 0.1
1034750 1055 2 80.75 16.139008624189263 0.1
1036250 1055 2 79.25 15.895537005902629 0.1
1036000 1055 2 79.5 15.940467863425976 0.1
1038500 1055 2 77.0 15.517272815045944 0.1
1041250 1055 2 74.25 15.039354336572512 0.1
1021250 1055 2 94.25 18.3801374138599 0.1
1020750 1055 2 94.75 18.44263548640589 0.1
1019250 1055 2 96.25 18.73847306013804 0.1
1018500 1055 2 97.0 18.946814103287398 0.1
1018000 1055 2 97.5 19.02598038446326 0.1
1017750 1055 2 97.75 19.050978842500058 0.1
