1052500 1010 2 45.0 8.884 0.1
1041250 1010 2 56.25 10.856 0.1
1037500 1010 2 60.0 11.482 0.1
1036250 1010 2 61.25 11.716 0.1
1036000 1010 2 61.5 11.884 0.1
1035000 1010 2 62.5 11.9 0.1
1034250 1010 2 63.25 12.032 0.1
1032750 1010 2 64.75 12.184 0.1
1032500 1010 2 65.0 12.406 0.1
1032250 1010 2 65.25 12.37 0.1
1032000 1010 2 65.5 12.452 0.1
1031750 1010 2 65.75 12.418 0.1
1031000 1010 2 66.5 12.566 0.1
1030250 1010 2 67.25 12.722 0.1
1029750 1010 2 67.75 12.812 0.1
1028750 1010 2 68.75 13.11 0.1
1028250 1010 2 69.25 13.066 0.1
1061500 1010 2 36.0 7.0178464252518165 0.1
1061250 1010 2 36.25 7.075718294753081 0.1
1061000 1010 2 36.5 7.190308374175435 0.1
1060750 1010 2 36.75 7.187410733046959 0.1
1060500 1010 2 37.0 7.20476959546173 0.1
1060250 1010 2 37.25 7.278846667797591 0.1
1060000 1010 2 37.5 7.324564635172907 0.1
1059750 1010 2 37.75 7.3986417075087685 0.1
1059500 1010 2 38.0 7.4605648777186815 0.1
1059000 1010 2 38.5 7.580359917429859 0.1
1057750 1010 2 39.75 7.9021296706053725 0.1
1057000 1010 2 40.5 8.002821866353477 0.1
1056500 1010 2 41.0 8.009180486222473 0.1
1056250 1010 2 41.25 8.095411460684282 0.1
1055250 1010 2 42.25 8.31474503656339 0.1
1061750 1010 2 35.75 6.919461548664059 0.1
1051750 1010 2 45.75 8.912304280832249 0.1
1051250 1010 2 46.25 9.001286284867927 0.1
1050500 1010 2 47.0 9.312692418045323 0.1
1050250 1010 2 47.25 9.151006939427557 0.1
1050000 1010 2 47.5 9.246335977766506 0.1
1049750 1010 2 47.75 9.290826979784343 0.1
1049500 1010 2 48.0 9.329669311099838 0.1
1049000 1010 2 48.5 9.3480429313562 0.1
1048750 1010 2 48.75 9.384060927320522 0.1
1048250 1010 2 49.25 9.447623913195647 0.1
1047750 1010 2 49.75 9.559200600040706 0.1
1047250 1010 2 50.25 9.636885262671694 0.1
1047000 1010 2 50.5 9.670078923284843 0.1
1046750 1010 2 50.75 9.717394260653855 0.1
1046500 1010 2 51.0 9.761885262671694 0.1
1045750 1010 2 51.75 9.963142317153356 0.1
1046000 1010 2 51.5 9.884759290921446 0.1
1045500 1010 2 52.0 9.953970947498915 0.1
1044500 1010 2 53.0 10.052853565737438 0.1
1045250 1010 2 52.25 9.984340272760893 0.1
1023750 1010 2 73.75 13.759579148480714 0.1
1024750 1010 2 72.75 13.606339649877 0.1
1025000 1010 2 72.5 13.60495448739919 0.1
1022500 1010 2 75.0 14.108897746475044 0.1
1022250 1010 2 75.25 14.093498948874164 0.1
1021250 1010 2 76.25 14.19638656724181 0.1
1020500 1010 2 77.0 14.294532231115905 0.1
1019250 1010 2 78.25 14.512935940496453 0.1
1018250 1010 2 79.25 14.7131705273205 0.1
1018000 1010 2 79.5 14.785048322128809 0.1
1017750 1010 2 79.75 14.830071780811213 0.1
1016500 1010 2 81.0 14.994766817939952 0.1
1016250 1010 2 81.25 15.046503860653832 0.1
1016000 1010 2 81.5 15.078100151273286 0.1
1014500 1010 2 83.0 15.3381705273205 0.1
1013250 1010 2 84.25 15.523006316543666 0.1
1012000 1010 2 85.5 15.711198897782573 0.1
1025750 1010 2 71.75 13.493381655462143 0.1
1034750 1010 2 62.75 11.946410817170337 0.1
