1049750 1355 3 185.5 30.181361180929777 0.1
1041000 1355 3 194.25 31.464908382614198 0.1
1032500 1355 3 202.75 32.59786209700435 0.1
1034000 1355 3 201.25 32.41490840206795 0.1
1034500 1355 3 200.75 32.25693599573228 0.1
1035000 1355 3 200.25 32.20807491092309 0.1
1014750 1355 3 220.5 34.95871811718273 0.1
1015500 1355 3 219.75 34.84642978585541 0.1
1015250 1355 3 220.0 34.890038673406956 0.1
1016250 1355 3 219.0 34.70324423564924 0.1
1040750 1355 3 194.5 31.584004104728855 0.1
1053750 1355 3 181.5 29.742802174697882 0.1
