1061750 1070 2 59.5 12.377145395139868 0.1
1061500 1070 2 59.75 12.431226293297458 0.1
1061250 1070 2 60.0 12.460478728473202 0.1
1060000 1070 2 61.25 12.724676103515685 0.1
1059250 1070 2 62.0 12.87450456649753 0.1
1059500 1070 2 61.75 12.8266307840854 0.1
1058750 1070 2 62.5 13.119222909212851 0.1
1060250 1070 2 61.0 12.670595205358095 0.1
1058000 1070 2 63.25 13.23180867772193 0.1
1057250 1070 2 64.0 13.288530404521858 0.1
1056750 1070 2 64.5 13.347035274873345 0.1
1056500 1070 2 64.75 13.394909057285474 0.1
1056250 1070 2 65.0 13.442782839697603 0.1
1051750 1070 2 69.5 14.304510923115902 0.1
1051000 1070 2 70.25 14.305368608206681 0.1
1050250 1070 2 71.0 14.473818418424909 0.1
1049750 1070 2 71.5 14.526116173030935 0.1
1049500 1070 2 71.75 14.549161492461218 0.1
1052500 1070 2 68.75 14.303653238025124 0.1
1049250 1070 2 72.0 14.620678864860938 0.1
1048750 1070 2 72.5 14.617198611580358 0.1
1048250 1070 2 73.0 14.70053194491369 0.1
1047500 1070 2 73.75 14.842894662236473 0.1
1047250 1070 2 74.0 14.919286763548707 0.1
1047000 1070 2 74.25 14.978316147538155 0.1
1046750 1070 2 74.5 15.019982814204822 0.1
1046000 1070 2 75.25 15.179708248850387 0.1
1045750 1070 2 75.5 15.19706711126516 0.1
1045500 1070 2 75.75 15.221371060609043 0.1
1044500 1070 2 76.75 15.31511431452002 0.1
1043000 1070 2 78.25 15.655400444598492 0.1
1042750 1070 2 78.5 15.69706711126516 0.1
1036000 1070 2 85.25 16.808176937406934 0.1
1038000 1070 2 83.25 16.558184647222955 0.1
1032500 1070 2 88.75 17.12473003554963 0.1
1034000 1070 2 87.25 16.871905700198457 0.1
1031500 1070 2 89.75 17.407194451614377 0.1
1032250 1070 2 89.0 17.194640055728023 0.1
1019000 1070 2 102.25 19.77318427664731 0.1
1018250 1070 2 103.0 19.89818427664731 0.1
1017750 1070 2 103.5 19.981517609980642 0.1
1017500 1070 2 103.75 20.009919160612704 0.1
1020500 1070 2 100.75 19.48781063388836 0.1
1041000 1070 2 80.25 16.082848213552797 0.1
1040250 1070 2 81.0 16.298759401454888 0.1
