1038500 1008 2 58.0 11.044 0.1
1025500 1008 2 71.0 13.376 0.1
1024750 1008 2 71.75 13.462 0.1
1061500 1008 2 35.0 6.887085433586686 0.1
1061250 1008 2 35.25 6.9287521002533525 0.1
1061000 1008 2 35.5 6.993106050888456 0.1
1060500 1008 2 36.0 7.082111205213898 0.1
1060250 1008 2 36.25 7.118106050888456 0.1
1060000 1008 2 36.5 7.159772717555122 0.1
1059750 1008 2 36.75 7.212783026206007 0.1
1059500 1008 2 37.0 7.305496081801656 0.1
1059250 1008 2 37.25 7.35850639045254 0.1
1059000 1008 2 37.5 7.473906730016624 0.1
1057000 1008 2 39.5 7.827972273317788 0.1
1056250 1008 2 40.25 7.9444546607086135 0.1
1056000 1008 2 40.5 7.969086102156932 0.1
1055000 1008 2 41.5 8.138591973026656 0.1
1058500 1008 2 38.0 7.660309195206472 0.1
1058250 1008 2 38.25 7.710493474482313 0.1
1052250 1008 2 44.25 8.709060631689391 0.1
1051500 1008 2 45.0 8.818665688996525 0.1
1051250 1008 2 45.25 8.948303456765291 0.1
1051000 1008 2 45.5 8.864611304361464 0.1
1050250 1008 2 46.25 9.05558963018804 0.1
1049750 1008 2 46.75 9.15431790621424 0.1
1049500 1008 2 47.0 9.079422863920625 0.1
1049250 1008 2 47.25 9.217857741799602 0.1
1048750 1008 2 47.75 9.197825031337967 0.1
1048000 1008 2 48.5 9.307430088645102 0.1
1047500 1008 2 49.0 9.45014391522235 0.1
1046750 1008 2 49.75 9.564147527584588 0.1
1046500 1008 2 50.0 9.603614916723703 0.1
1046250 1008 2 50.25 9.660676526083236 0.1
1045750 1008 2 50.75 9.713219974030835 0.1
1045500 1008 2 51.0 9.871448349657785 0.1
1045250 1008 2 51.25 9.80535041747438 0.1
1044500 1008 2 52.0 9.914955474781511 0.1
1044250 1008 2 52.25 10.018201912219649 0.1
1041000 1008 2 55.5 10.698116669037098 0.1
1042000 1008 2 54.5 10.346016181363114 0.1
1037250 1008 2 59.25 11.300452535358428 0.1
1036250 1008 2 60.25 11.588681373574335 0.1
1036000 1008 2 60.5 11.533510378159404 0.1
1035000 1008 2 61.5 11.743444936394445 0.1
1034750 1008 2 61.75 11.657368304144956 0.1
1034500 1008 2 62.0 11.727880231857208 0.1
1034000 1008 2 62.5 11.827696571502301 0.1
1032750 1008 2 63.75 12.046331783780486 0.1
1032250 1008 2 64.25 12.135846244480732 0.1
1032000 1008 2 64.5 12.179573286936368 0.1
1031750 1008 2 64.75 12.210938074658182 0.1
1031500 1008 2 65.0 12.135163321353547 0.1
1030750 1008 2 65.75 12.389966996058671 0.1
1030000 1008 2 66.5 12.525268875003523 0.1
1029500 1008 2 67.0 12.65187009990523 0.1
1029250 1008 2 67.25 12.728563154984391 0.1
1042750 1008 2 53.75 10.183929417161648 0.1
1011750 1008 2 84.75 15.588305439107712 0.1
1013000 1008 2 83.5 15.395945805711339 0.1
1014250 1008 2 82.25 15.238728312176278 0.1
1014500 1008 2 82.0 15.21303534544657 0.1
1014750 1008 2 81.75 15.16178445881773 0.1
1015250 1008 2 81.25 15.126372225295276 0.1
1015750 1008 2 80.75 14.988728312176278 0.1
1016000 1008 2 80.5 14.918308985623083 0.1
1016500 1008 2 80.0 14.895675712050199 0.1
1016250 1008 2 80.25 14.902200238855553 0.1
1017000 1008 2 79.5 14.812342378716865 0.1
1017250 1008 2 79.25 14.754702012113238 0.1
1017500 1008 2 79.0 14.706645865471787 0.1
1017750 1008 2 78.75 14.680952898742081 0.1
1018250 1008 2 78.25 14.552893205585258 0.1
1018000 1008 2 78.5 14.604144092214103 0.1
1019000 1008 2 77.5 14.379972105774378 0.1
1020250 1008 2 76.25 14.181222992403223 0.1
1020500 1008 2 76.0 14.152335285686123 0.1
1021000 1008 2 75.5 14.049833512428439 0.1
1023500 1008 2 73.0 13.575661525988714 0.1
