1061750 1060 2 55.75 11.75655239623024 0.1
1061500 1060 2 56.0 11.851487879643205 0.1
1060750 1060 2 56.75 11.992878284795914 0.1
1060500 1060 2 57.0 12.009959343733518 0.1
1059500 1060 2 58.0 12.188918814264715 0.1
1058250 1060 2 59.25 12.499692179802468 0.1
1057500 1060 2 60.0 12.600106572073408 0.1
1057000 1060 2 60.5 12.626073487372267 0.1
1056750 1060 2 60.75 12.659544951462578 0.1
1052000 1060 2 65.5 13.611808612179752 0.1
1051250 1060 2 66.25 13.686549333102736 0.1
1050500 1060 2 67.0 13.799951037931118 0.1
1050000 1060 2 67.5 13.856221682530673 0.1
1049750 1060 2 67.75 13.874691758854102 0.1
1049000 1060 2 68.5 13.899173200700073 0.1
1048500 1060 2 69.0 13.997970927595563 0.1
1047750 1060 2 69.75 14.142301419548263 0.1
1047500 1060 2 70.0 14.214896873339246 0.1
1047250 1060 2 70.25 14.279760130349151 0.1
1047000 1060 2 70.5 14.286631911500962 0.1
1046250 1060 2 71.25 14.388435321157722 0.1
1045750 1060 2 71.75 14.514295736786993 0.1
1045500 1060 2 72.0 14.555962403453659 0.1
1044750 1060 2 72.75 14.584309943690169 0.1
1041250 1060 2 76.25 15.364265845284613 0.1
1038500 1060 2 79.0 15.793753917572364 0.1
1032750 1060 2 84.75 16.809777772996863 0.1
1032500 1060 2 85.0 16.78139166283854 0.1
1032250 1060 2 85.25 16.868386596862553 0.1
1031750 1060 2 85.75 16.95996143335177 0.1
1018000 1060 2 99.5 19.368310016858313 0.1
1019250 1060 2 98.25 19.09226208596613 0.1
1020750 1060 2 96.75 18.774547488407276 0.1
1021250 1060 2 96.25 18.693922738976298 0.1
1017750 1060 2 99.75 19.40997668352498 0.1
